77431025
929189433
634263125
407826383
507650939
380076416
794950706
742950640
134490834
698903895
517946562
102538612
460858099
515950931
682429265
281717601
928980893
232378738
857493093
600169576
327910935
584443976
601883368
441896372
187494481
460408088
317787870
789185367
792078647
977364258
164229528
999572785
989394233
996981231
215662697
175001323
557647815
71559251
921198262
39542118
273148266
674862084
297049107
965869530
74712553
577198729
197276040
599405090
616076137
486300562
874001641
170424259
494814462
423654749
528814082
57464868
236709437
818961474
62171493
452099925
673580737
214923569
881364515
494014114
806106585
867982279
219220609
492750398
325050275
848910077
661773596
763669774
283342042
423169003
834418270
196522429
403331430
924001985
875264913
402030877
266196675
965917256
912984700
863788936
874992296
465368154
529617963
575510732
723715506
597332069
714586847
164523921
905661016
46141065
572891403
163335986
868179265
802437518
948598203
920320590
763930481
158297702
672814501
363166636
617848712
384377204
351253549
989756507
399311978
70364808
406486836
997961065
464655142
640037638
855618898
705944735
759669450
583316572
60451244
27907614
443971808
906044057
334963107
571196456
25989461
473119146
159735934
538154864
975100100
184431673
881127252
538538578
732767728
37859794
183898878
729544065
968529469
421894589
78917246
25731672
120937505
419378343
841058469
260434207
833117750
478411471
373401489
193290367
711669068
75002356
341510694
569882379
9351928
141373683
869050516
533313683
555379373
932441942
531795939
258366579
45463194
587113029
108460829
192776051
50144316
72516997
610412757
739174660
961993421
697081953
196637615
702047059
773692070
478895405
300632507
92747151
454972128
555539081
570911956
3966316
14110415
192703858
465944933
453457189
139759010
83754097
201448435
413516986
730989474
519477261
104881980
71762694
496469828
993837818
969458040
641960786
154859894
915598686
620418423
256220846
287293065
633503342
495224849
831532006
602506821
996194838
937242760
699587197
235610824
908027953
472032682
417522527
578647247
705699562
658175964
664708071
186334791
81405309
854890708
378684608
623633723
904115626
920909023
438561530
207315388
757704471
796411775
964454177
772378425
792740273
441629841
353353551
313340201
369738282
859311128
708113959
99672906
628198879
43456149
959630654
146196775
665371608
932227552
67872120
410609326
21744550
648708034
592419487
751354605
316862102
241006105
815419111
852792792
623048347
476194079
228697968
387415673
460358352
471080576
170665273
814988347
556913245
585573731
647118701
120348347
74094804
271347009
483389267
110573173
730499133
657226041
47618819
684229284
844599107
651969037
254200440
654997521
484580451
437221712
7067494
437368504
18258082
382773211
445040445
478917787
746176829
365183581
348083648
463062103
33043981
718102382
619346292
470524034
256181440
336944214
138020553
692874091
550563741
946766752
979552379
132388054
488928724
635754289
800410555
944613725
408841380
141582766
857432817
88289148
445379949
628021752
417611022
219010957
112434774
33566779
687827496
330094803
569304302
152622185
684080007
127917673
882786362
776591450
610454750
921579448
446178690
657663155
343611871
625834404
270474717
940270844
200828947
608303634
414349163
242444276
465761721
59663601
287314059
584342760
276166422
601970686
425934164
751601474
478425426
322150048
89251263
966941505
106209923
549963403
401227323
324095534
376616136
718409427
170641971
282380090
81683634
348405967
183473753
768508542
207404213
89759685
643704390
534718689
388731607
420370518
220687520
932604492
438466929
941389190
260564969
56546943
402229290
53204995
9015490
901444753
716702321
902213208
391287084
108577956
419319688
181876037
856029189
807884855
366763759
200787108
857821146
863866144
395580354
745782973
356926834
76403932
596414804
816674711
634097779
772730607
537999853
7716352
53394267
544647292
862937681
762544568
212331354
391093823
59335974
647048270
22294750
620886185
274069392
4131526
520233784
440401086
652531058
690364699
105486665
580261353
599058530
294896864
151932397
311862060
610322872
715854015
147426185
681185221
189324427
274182300
105788622
125302635
586585833
889236234
952436830
774876007
534799913
218671634
164998358
730482
916265868
307444143
933714323
86487182
19675370
756294286
836502795
971336944
517206451
734356803
660398478
29489634
185942621
42808581
346852640
724942372
129571763
653989901
339852700
845464802
288806181
627051525
666594535
447157232
673540337
646920428
841460062
762962050
371581771
484276376
460778126
194614192
139967868
888186218
120455008
217339324
777047980
525878894
598919888
634474285
480487170
134540455
691979214
617068700
705406716
748356095
46579786
722539948
104438289
25562209
645747115
964002955
676476354
606513524
600987979
977851776
289301154
235237941
584146978
217800826
38855543
86466453
106250278
167552349
519165334
748519942
740244722
979294556
591964744
548508078
504579616
471609410
416893107
606059906
398914007
326950102
993098246
