993098246
326950102
398914007
606059906
416893107
471609410
504579616
548508078
591964744
979294556
740244722
748519942
519165334
167552349
106250278
86466453
38855543
217800826
584146978
235237941
289301154
977851776
600987979
606513524
676476354
964002955
645747115
25562209
104438289
722539948
46579786
748356095
705406716
617068700
691979214
134540455
480487170
634474285
598919888
525878894
777047980
217339324
120455008
888186218
139967868
194614192
460778126
484276376
371581771
762962050
841460062
646920428
673540337
447157232
666594535
627051525
288806181
845464802
339852700
653989901
129571763
724942372
346852640
42808581
185942621
29489634
660398478
734356803
517206451
971336944
836502795
756294286
19675370
86487182
933714323
307444143
916265868
730482
164998358
218671634
534799913
774876007
952436830
889236234
586585833
125302635
105788622
274182300
189324427
681185221
147426185
715854015
610322872
311862060
151932397
294896864
599058530
580261353
105486665
690364699
652531058
440401086
520233784
4131526
274069392
620886185
22294750
647048270
59335974
391093823
212331354
762544568
862937681
544647292
53394267
7716352
537999853
772730607
634097779
816674711
596414804
76403932
356926834
745782973
395580354
863866144
857821146
200787108
366763759
807884855
856029189
181876037
419319688
108577956
391287084
902213208
716702321
901444753
9015490
53204995
402229290
56546943
260564969
941389190
438466929
932604492
220687520
420370518
388731607
534718689
643704390
89759685
207404213
768508542
183473753
348405967
81683634
282380090
170641971
718409427
376616136
324095534
401227323
549963403
106209923
966941505
89251263
322150048
478425426
751601474
425934164
601970686
276166422
584342760
287314059
59663601
465761721
242444276
414349163
608303634
200828947
940270844
270474717
625834404
343611871
657663155
446178690
921579448
610454750
776591450
882786362
127917673
684080007
152622185
569304302
330094803
687827496
33566779
112434774
219010957
417611022
628021752
445379949
88289148
857432817
141582766
408841380
944613725
800410555
635754289
488928724
132388054
979552379
946766752
550563741
692874091
138020553
336944214
256181440
470524034
619346292
718102382
33043981
463062103
348083648
365183581
746176829
478917787
445040445
382773211
18258082
437368504
7067494
437221712
484580451
654997521
254200440
651969037
844599107
684229284
47618819
657226041
730499133
110573173
483389267
271347009
74094804
120348347
647118701
585573731
556913245
814988347
170665273
471080576
460358352
387415673
228697968
476194079
623048347
852792792
815419111
241006105
316862102
751354605
592419487
648708034
21744550
410609326
67872120
932227552
665371608
146196775
959630654
43456149
628198879
99672906
708113959
859311128
369738282
313340201
353353551
441629841
792740273
772378425
964454177
796411775
757704471
207315388
438561530
920909023
904115626
623633723
378684608
854890708
81405309
186334791
664708071
658175964
705699562
578647247
417522527
472032682
908027953
235610824
699587197
937242760
996194838
602506821
831532006
495224849
633503342
287293065
256220846
620418423
915598686
154859894
641960786
969458040
993837818
496469828
71762694
104881980
519477261
730989474
413516986
201448435
83754097
139759010
453457189
465944933
192703858
14110415
3966316
570911956
555539081
454972128
92747151
300632507
478895405
773692070
702047059
196637615
697081953
961993421
739174660
610412757
72516997
50144316
192776051
108460829
587113029
45463194
258366579
531795939
932441942
555379373
533313683
869050516
141373683
9351928
569882379
341510694
75002356
711669068
193290367
373401489
478411471
833117750
260434207
841058469
419378343
120937505
25731672
78917246
421894589
968529469
729544065
183898878
37859794
732767728
538538578
881127252
184431673
975100100
538154864
159735934
473119146
25989461
571196456
334963107
906044057
443971808
27907614
60451244
583316572
759669450
705944735
855618898
640037638
464655142
997961065
406486836
70364808
399311978
989756507
351253549
384377204
617848712
363166636
672814501
158297702
763930481
920320590
948598203
802437518
868179265
163335986
572891403
46141065
905661016
164523921
714586847
597332069
723715506
575510732
529617963
465368154
874992296
863788936
912984700
965917256
266196675
402030877
875264913
924001985
403331430
196522429
834418270
423169003
283342042
763669774
661773596
848910077
325050275
492750398
219220609
867982279
806106585
494014114
881364515
214923569
673580737
452099925
62171493
818961474
236709437
57464868
528814082
423654749
494814462
170424259
874001641
486300562
616076137
599405090
197276040
577198729
74712553
965869530
297049107
674862084
273148266
39542118
921198262
71559251
557647815
175001323
215662697
996981231
989394233
999572785
164229528
977364258
792078647
789185367
317787870
460408088
187494481
441896372
601883368
584443976
327910935
600169576
857493093
232378738
928980893
281717601
682429265
515950931
460858099
102538612
517946562
698903895
134490834
742950640
794950706
380076416
507650939
407826383
634263125
929189433
77431025
