730482
3966316
4131526
7067494
7716352
9015490
9351928
14110415
18258082
19675370
21744550
22294750
25562209
25731672
25989461
27907614
29489634
33043981
33566779
37859794
38855543
39542118
42808581
43456149
45463194
46141065
46579786
47618819
50144316
53204995
53394267
56546943
57464868
59335974
59663601
60451244
62171493
67872120
70364808
71559251
71762694
72516997
74094804
74712553
75002356
76403932
77431025
78917246
81405309
81683634
83754097
86466453
86487182
88289148
89251263
89759685
92747151
99672906
102538612
104438289
104881980
105486665
105788622
106209923
106250278
108460829
108577956
110573173
112434774
120348347
120455008
120937505
125302635
127917673
129571763
132388054
134490834
134540455
138020553
139759010
139967868
141373683
141582766
146196775
147426185
151932397
152622185
154859894
158297702
159735934
163335986
164229528
164523921
164998358
167552349
170424259
170641971
170665273
175001323
181876037
183473753
183898878
184431673
185942621
186334791
187494481
189324427
192703858
192776051
193290367
194614192
196522429
196637615
197276040
200787108
200828947
201448435
207315388
207404213
212331354
214923569
215662697
217339324
217800826
218671634
219010957
219220609
220687520
228697968
232378738
235237941
235610824
236709437
241006105
242444276
254200440
256181440
256220846
258366579
260434207
260564969
266196675
270474717
271347009
273148266
274069392
274182300
276166422
281717601
282380090
283342042
287293065
287314059
288806181
289301154
294896864
297049107
300632507
307444143
311862060
313340201
316862102
317787870
322150048
324095534
325050275
326950102
327910935
330094803
334963107
336944214
339852700
341510694
343611871
346852640
348083648
348405967
351253549
353353551
356926834
363166636
365183581
366763759
369738282
371581771
373401489
376616136
378684608
380076416
382773211
384377204
387415673
388731607
391093823
391287084
395580354
398914007
399311978
401227323
402030877
402229290
403331430
406486836
407826383
408841380
410609326
413516986
414349163
416893107
417522527
417611022
419319688
419378343
420370518
421894589
423169003
423654749
425934164
437221712
437368504
438466929
438561530
440401086
441629841
441896372
443971808
445040445
445379949
446178690
447157232
452099925
453457189
454972128
460358352
460408088
460778126
460858099
463062103
464655142
465368154
465761721
465944933
470524034
471080576
471609410
472032682
473119146
476194079
478411471
478425426
478895405
478917787
480487170
483389267
484276376
484580451
486300562
488928724
492750398
494014114
494814462
495224849
496469828
504579616
507650939
515950931
517206451
517946562
519165334
519477261
520233784
525878894
528814082
529617963
531795939
533313683
534718689
534799913
537999853
538154864
538538578
544647292
548508078
549963403
550563741
555379373
555539081
556913245
557647815
569304302
569882379
570911956
571196456
572891403
575510732
577198729
578647247
580261353
583316572
584146978
584342760
584443976
585573731
586585833
587113029
591964744
592419487
596414804
597332069
598919888
599058530
599405090
600169576
600987979
601883368
601970686
602506821
606059906
606513524
608303634
610322872
610412757
610454750
616076137
617068700
617848712
619346292
620418423
620886185
623048347
623633723
625834404
627051525
628021752
628198879
633503342
634097779
634263125
634474285
635754289
640037638
641960786
643704390
645747115
646920428
647048270
647118701
648708034
651969037
652531058
653989901
654997521
657226041
657663155
658175964
660398478
661773596
664708071
665371608
666594535
672814501
673540337
673580737
674862084
676476354
681185221
682429265
684080007
684229284
687827496
690364699
691979214
692874091
697081953
698903895
699587197
702047059
705406716
705699562
705944735
708113959
711669068
714586847
715854015
716702321
718102382
718409427
722539948
723715506
724942372
729544065
730499133
730989474
732767728
734356803
739174660
740244722
742950640
745782973
746176829
748356095
748519942
751354605
751601474
756294286
757704471
759669450
762544568
762962050
763669774
763930481
768508542
772378425
772730607
773692070
774876007
776591450
777047980
789185367
792078647
792740273
794950706
796411775
800410555
802437518
806106585
807884855
814988347
815419111
816674711
818961474
831532006
833117750
834418270
836502795
841058469
841460062
844599107
845464802
848910077
852792792
854890708
855618898
856029189
857432817
857493093
857821146
859311128
862937681
863788936
863866144
867982279
868179265
869050516
874001641
874992296
875264913
881127252
881364515
882786362
888186218
889236234
901444753
902213208
904115626
905661016
906044057
908027953
912984700
915598686
916265868
920320590
920909023
921198262
921579448
924001985
928980893
929189433
932227552
932441942
932604492
933714323
937242760
940270844
941389190
944613725
946766752
948598203
952436830
959630654
961993421
964002955
964454177
965869530
965917256
966941505
968529469
969458040
971336944
975100100
977364258
977851776
979294556
979552379
989394233
989756507
993098246
993837818
996194838
996981231
997961065
999572785
