1658
220937
264654
431131
540898
779906
858620
878925
1099980
1382414
1435389
1486757
1514407
1551585
1602572
1634293
1750259
1771009
1780368
1874772
1882786
1978511
2108083
2352296
2595451
3127796
3173023
3205578
3313130
3446557
3602995
3625021
3794143
4639895
4721376
4888994
4949669
4960301
5033275
5179920
5208297
5222019
5712991
5753272
5772778
6112676
6132447
6323914
6331271
6434572
6463834
6613549
6629091
6649939
6712384
6746428
6757232
7065413
7084592
7157545
7201839
7206056
7330446
7543577
7659763
7699604
7736664
7897634
8097815
8360478
8363226
8400821
8717713
8847829
9013069
9059277
9137053
9387469
9444647
9497639
9589120
9661192
9675843
9722472
9872561
9994310
10032829
10150158
10316869
10407195
10522909
10538067
10576150
10700113
10757317
10888171
10935896
10938308
11463675
11682463
11734243
11962036
12189385
12246241
12292591
12616129
12797491
13189536
13347067
13546271
13873242
13918747
14159253
14187191
14239419
14277309
14596764
14598808
14791464
14839099
14884924
15035793
15092537
15275675
15355389
15506147
15582472
15616905
15736064
15754313
15867732
15982275
16011703
16277120
16313894
16342889
16359670
16752088
16810641
16821754
16834403
16865928
16906073
17019621
17034744
17128548
17434374
17471472
17533970
17647528
17724632
17757141
17792216
17804155
17834953
18002304
18160775
18183746
18932580
19040534
19055973
19142352
19297472
19453867
19576936
19904242
19916192
19954919
19961525
19999133
20139721
20373753
20536763
20622630
20662818
20663070
20713276
20767894
20842099
20923884
21053753
21301738
21373603
21443543
21468459
21708647
21797670
21839639
22058797
22252274
22620546
22745686
22885854
23125633
23432935
23597306
23598106
23630261
23682903
23772557
23910414
23945184
24017627
24279628
24565464
24744931
24745545
24805440
24837887
24898195
25082681
25159894
25237544
25282028
25453835
25613121
25617552
25661990
25730464
25866327
26205768
26249635
26422696
26430885
26510296
26534596
26562526
27151402
27370643
27725200
28145603
28449178
28660970
28683576
28714530
28806374
29049175
29063999
29279689
29331627
29406852
29447847
29549373
29651215
29657916
29982045
30026520
30077270
30165755
30270179
30312525
30648125
30707839
30976669
31144406
31198509
31211320
31268652
32075104
32114450
32181964
32339133
32365318
32385175
32452706
32499565
32791266
32828098
32941854
33085207
33148427
33409348
33410964
33411584
33692304
34134818
34154865
34439775
34553418
34634164
34712384
34746534
34916296
35072672
35096530
35251070
35331207
35399354
35412039
35515003
35634259
35714404
35847080
35893044
35908170
35947781
36036833
36089734
36092314
36172434
36181735
36193075
36237473
36268145
36595117
36711996
36779656
36802250
36863596
36977503
36992585
36994946
37103064
37239178
37424222
37435695
37476400
37731704
37839492
37867186
37868886
38031179
38389445
38447520
38571206
38800124
39073289
39087236
39195903
39264517
39487552
39554284
39749669
40007670
40294405
40344053
40355247
40396662
40557279
40607560
40623635
40668826
40683790
40742926
40748840
40831425
41039450
41067324
41106060
41124073
41208158
41393792
41492860
41511732
41523922
41607174
41766721
41838453
42082091
42435210
42509097
42518127
42557511
42705557
42753780
42864580
42896288
42909220
42926523
42972986
42986125
42988013
43015472
43190072
43794512
43875536
43966993
44020344
44482366
44542007
44555635
44627602
44848643
44957608
44988731
45034299
45047643
45118586
45186741
45396911
45476945
45478280
45614266
45640157
45883538
46102209
46163421
46225414
46253796
46288968
46329895
46432624
46636711
46737819
46750146
46775020
46791102
46907047
46997824
47299556
47395995
47536611
47541928
47558300
47971840
48019444
48516740
48560477
48842017
49032230
49135720
49274615
49352828
49843994
49950010
50185207
50218978
50304368
50343021
50456942
50483529
50500493
50767683
51013825
51045769
51164795
51228527
51287987
51553745
51636056
51652430
51937650
51946160
52342416
52365112
52453674
52473155
52580364
52749795
52855316
52867726
53086720
53144817
53329648
53526751
53705961
53891288
53997287
54033426
54034323
54105862
54198126
54290398
54330926
54481786
54683364
54780366
54799319
54829452
54850856
54927375
54949441
55025516
55031382
55118382
55159442
55359590
55530687
55714874
55787150
55838666
55928787
56272009
56540952
56719422
56788739
56934246
56962471
57152092
58112503
58244257
58470293
58627961
58703294
58840776
58959517
59176642
59279086
59374017
59886982
60038452
60067029
60194596
60910895
61337917
61502450
61726715
61869759
62034431
62422894
62628378
63144131
63159767
63691510
64182834
64236046
64240653
64531673
64969871
65067592
65076981
65208717
65769657
65771677
65972872
65996313
66074893
66190077
66314278
66664267
66685006
66768602
66812960
66836327
66864632
66989377
67043146
67247636
67346520
67585285
67662470
67996274
68351550
68547425
68643537
68687143
69011463
69031708
69058288
69100833
69111227
69240028
69357957
69424597
69742166
69876497
70098326
70274096
70310993
70337656
70411243
70419322
70506285
70567392
70579035
70583431
70829488
71011664
71112521
71117443
71269396
71401458
71447570
71506007
71668480
71816218
71847897
72061550
72147571
72808667
73140332
73241335
73258498
73501533
73872154
74218710
74230329
74390234
74565201
75108826
75252011
75263564
75387449
75500032
75648818
75763226
75804809
75897574
75902766
75940550
76082184
76275102
76581449
76633644
76816285
76894970
77113531
77175393
77321493
77388512
77434999
77476206
77805657
77954426
78008771
78167194
78279570
78352218
78458028
78500052
78718092
78739311
78789830
78989651
79044559
79057518
79307594
79345819
79363330
79441776
79991615
80322235
80465343
80501914
80509580
80822505
81440089
81444266
81548489
81548563
81627565
81660084
81932764
82083352
82168250
82637566
82652111
82818438
82819818
83117624
83143065
83143394
83316656
83433900
83510853
83572218
83625393
83652630
83858595
83867117
83881453
84099027
84441963
84545488
84820947
84958761
84973043
85215761
85244638
85559888
85838665
85886786
85914432
86022606
86505397
86520943
86600731
86666113
86670929
86735779
86829276
86870515
86915339
86918272
87173093
87213309
87225575
87261471
87276720
87695421
87739072
87963205
88004768
88086608
88345784
88593037
88642250
88693250
88693364
88753256
88857009
89207436
89822280
90076176
90128030
90184186
90200247
90204258
90213583
90217682
90307548
90393667
90463711
90533714
90688804
90754154
90934547
91011880
91150598
91530910
91574907
91650383
91736053
91774548
91885764
91911953
92010484
92094587
92375476
92578957
92626560
92676652
92858281
92913672
92925837
93012176
93412802
93467429
93741467
93746771
93789710
94368562
94488803
94635390
94659739
94816455
94977898
95017252
95021359
95059478
95178577
95473978
95506269
95821046
96844235
96983290
97125199
97494504
97532601
97541022
97593882
97615698
97634184
97823992
97834870
97875258
97934540
97938334
98078778
98226356
98593150
98650011
98792447
98928059
98956862
99350041
99441344
99793463
100020982
100039409
100268251
100337448
100373053
100687087
100706585
101261661
101333052
101483960
101707381
101759168
101775360
101940200
101966270
102035472
102230271
102284434
102499591
102583432
102662514
102706962
102912098
103000627
103327158
103654306
103655482
103832564
103886501
103933289
104049539
104112140
104591175
104748749
104776357
104842253
104959818
105040098
105143292
105167692
105186636
105344663
105452194
105600370
105643099
105701772
105734614
106169407
106398764
106417096
106636659
106664632
106681179
106694030
106756478
106884294
106891489
106978032
106980370
107075626
107260830
107284676
107383862
107540983
107595600
107661392
107737970
107854499
107935604
107985944
108000606
108288488
108430966
108493689
108584142
108726328
109202454
109374308
109574616
110151176
110192102
110235388
110258780
110354532
110571305
110614589
110844856
110885394
110983411
111057924
111242353
111305296
111309954
111320150
111520327
111684931
112110556
112350034
112460224
112700462
112768138
112780004
112785271
113054945
113270746
113315940
113375622
113459306
113476040
114164633
114204958
114414200
114467705
114671656
114759075
114852907
114881406
114920743
115267837
115330198
115558910
115700395
116012405
116020097
116103297
116116307
116138311
116245176
116478964
116530133
116535419
116556894
116619783
116696285
116725360
116753662
116855285
117024537
117047710
117216359
117292359
117401735
117728131
117762508
117880670
118151482
118225945
118235249
118328091
118721081
118727570
118846552
118887472
119126270
119165524
119342738
119355351
119402496
119555121
119574982
119587603
119628353
119815445
119887909
120218320
120588687
120728265
120767736
120779077
120995011
121121898
121358961
121491872
121755516
121988347
122012521
122437746
122556909
123226293
123332763
123339879
123505672
123599739
123764320
123829105
123880806
124037197
124093782
124148119
124169255
124214506
124434026
124895293
125032571
125217328
125491476
125695409
125850501
125883313
126019212
126145464
126148531
126219350
126487583
126589208
126646720
126757105
126778968
126815371
126881849
127103453
127159586
127312802
127591315
127697934
127715426
128085097
128236120
128352628
128544994
128754779
128832621
128899994
128936171
128978834
129013386
129109371
129125329
129392964
129466799
129653802
130301878
130342732
130394273
130547456
130922084
131189759
131248120
131346937
131654087
131954346
132019762
132135753
132137054
132138267
132310883
132352785
132411947
132453350
132754224
132759197
132810657
132833901
132856828
132909312
133126515
133153479
133398872
133480555
133681662
133725239
133731305
133738878
133810436
133888598
133971773
134004954
134126126
134133410
134424109
134461427
134746233
134959215
135220156
135271216
135399424
135874245
136217999
136249197
136308373
136362922
136430942
136460850
136549541
136915014
137050719
137185031
137722839
137859145
137960267
138045488
138176991
138201114
138303371
138373987
138435222
138552244
138660862
138753433
138774608
138987998
138992606
139170830
139195908
139757543
139827266
140240534
140258457
140261505
140272537
140348865
140609742
140774948
140882126
141177438
141200796
141297870
141303704
141364647
141796473
142029899
142085401
142155921
142353919
142451055
142616492
142705021
142815618
143380813
143661991
143991875
144117076
144122152
144126524
144158960
144161268
144350994
144364642
144442499
144584584
144764070
145035052
145161845
145361817
145369863
145393967
145453548
145504775
145738227
145759745
145964349
146066154
146255219
146369542
147159063
147197210
147491595
147527387
147553809
147554990
147702204
147726742
147860520
147871183
147888353
147988749
148058818
148063444
148159063
148228906
148517749
148849234
148850657
148885576
149005523
149039859
149042018
149207042
149390041
149410559
149540498
149686406
149819112
149855438
149959220
150089128
150397829
150845679
150904468
150956842
150956855
151425840
151551304
151558831
151898709
151935758
152036736
152182353
152301976
152517113
152767763
152828067
152916732
152939761
153010926
153151735
153222820
153239630
153314856
153477805
153548431
153687942
154235921
154273549
154321304
154381255
154533937
154657928
154692881
154808039
155082721
155178959
155340477
155379090
155460085
155503074
155646568
155666562
155810795
155878992
155958032
155974465
156372326
156406450
156664435
156812038
156844260
157206418
157212417
157215730
157538128
157690508
157693356
157746552
157759000
157860354
157944358
158268685
158546129
158604383
158610680
158928321
159058080
159071782
159182897
159282532
159324977
159335373
159358448
159524099
159551196
159583297
159703850
159946262
160045489
160124442
160437495
160940818
160991512
161019577
161050413
161103914
161192253
161212588
161525930
161637321
162077481
162257469
162352592
162361570
162442207
162455820
162526196
162641835
162908347
163058274
163212836
163235184
163460424
163632384
163646088
163756965
163772079
163994751
164044138
164060588
164063574
164240760
164288941
164892160
164961216
165034510
165081808
165235998
165305696
165310658
165332228
165432285
165439264
165475122
165573439
165845090
165883949
166004160
166241566
166313665
166412713
166480681
166526063
166564538
166619507
166748924
166749430
166868318
167057963
167201078
167395110
167433586
167929634
167930033
167974535
168139164
168174338
168307550
168489730
168578256
168682690
169157266
169185554
169204147
169252494
169721039
169757969
169772761
169881494
170213058
170267567
170638365
170643297
170923544
171079217
171100129
171224289
171238372
171351898
171358278
171700168
171931742
172078952
172147298
172183907
172386747
172527471
172798949
172849074
172877091
172948040
172965457
173311058
173313359
173314687
173456486
173691886
173717445
173970486
174245249
174338670
174360793
174501886
174690702
174759699
174861422
175040844
175139323
175314746
175481665
175481887
175556103
175945050
175958486
176171141
176207836
176493742
176815477
176817725
176951775
177074838
177466038
177608759
178043304
178160984
178320116
178714967
179028927
179084720
179370670
179388421
179528899
179554883
179570335
179666391
179687952
179700848
179971325
179977572
180010190
180137154
180146033
180238468
180384122
180415843
180451613
180502599
180669139
180753491
180847683
180978210
181159042
181194454
181237956
181372888
181390561
181460709
181488813
181691712
181696775
181929398
182081202
182198255
182247419
182309095
182368339
182488891
182636101
182647695
182658493
182795195
183086738
183125679
183128755
183137614
183145095
183194024
183441372
183453497
183509642
183582710
183612973
183935486
184087426
184149818
184167812
184865965
184866736
184892988
185436446
185477093
185896589
186051546
186119582
186143197
186175644
186180294
186224164
186539395
186803435
186855890
186873476
186994686
187004880
187010641
187032337
187223603
187224384
187310431
187437730
187563166
187682387
187747389
187892174
188092212
188155893
188356409
188406437
188795859
188837455
188969527
189148976
189170514
189292438
189438814
189710640
189805739
189850060
189886878
189897502
189985381
189987296
190002138
190130113
190353526
190486082
190558849
190780505
190906290
190985700
191190562
191221799
191271893
191382100
191498107
191698602
191846164
191913898
191993685
192063322
192123219
192243580
192346641
192515250
192546037
193079025
193131116
193183692
193392576
193839342
193839619
193867077
193893687
193988258
194138349
194139684
194161489
194239531
194391805
194505467
194602957
194667645
194752131
194824543
194908099
194917467
194961770
195032558
195166837
195297511
195614701
195770863
195833745
195964387
196194085
196253068
196280852
196321666
196908723
197075872
197083205
197278890
197447616
197581816
197749534
197757918
197776798
197964497
198039869
198108498
198123049
198422405
198422504
198624537
198637496
198690166
198815420
198970016
199197159
199206008
199227129
199351126
199435730
199444476
199446174
199497765
199610761
199638101
200099773
200101436
200113078
200186587
200493941
200715087
200727248
200742268
200767340
200795948
200844529
200847695
200889306
200951885
200971931
200976641
201031033
201494000
201496414
201505149
201690040
201783485
201790550
202025960
202075236
202089675
202152449
202311112
202432903
202537627
202584902
202733746
202793761
202853318
202883075
202911207
203149432
203235186
203319965
203428114
203647937
203737101
203809375
203988300
204082842
204207937
204334879
204383563
204795359
205154610
205391031
205517369
205615340
205862149
205866614
205968576
206011925
206061140
206176846
206409014
206428566
206436101
206484959
206572312
206611662
206691486
206960595
206972704
207110031
207156991
207445447
207822286
207883161
207923991
208344023
208740636
208744757
208962394
209040252
209130861
209172749
209403893
209494790
209641329
209815532
209843151
209867026
210103876
210262786
210322979
210430736
210781426
210974512
211024318
211427850
211438166
211498926
211615288
211646465
212034193
212046116
212293347
212376074
212455322
212543807
212588320
212824433
212827827
212983264
213170884
213302307
213493072
213624315
213869064
213960576
213963850
214336628
214403879
214421585
214538621
214659585
214707140
214738559
214778947
214799629
214800508
214806648
214882726
214920711
214947444
214981598
215177401
215180938
215455032
215783645
215786767
215788795
215954141
215972936
216215024
216234144
216256670
216271190
216466998
216511109
216546797
216611858
216748104
216859845
216978319
217006486
217226295
217878901
217968196
218088544
218149057
218215662
218342243
218354724
218492844
218559664
218759011
218793565
218822577
218833014
218987107
219031504
219151869
219589561
219726988
219746034
219814711
220119094
220361259
220380223
220440649
220504973
220788519
221168755
221406411
221654409
221772144
221993339
222234385
222368050
222391322
222579949
222587356
222913187
223065071
223535451
223739746
223814718
224182422
224250709
224270117
224498106
224509011
224533048
224651296
224795787
224977974
225107298
225131203
225151077
225339530
225631347
225722153
225800992
226505385
226540213
226646594
226878967
226923415
226965615
227134329
227176617
227264560
227399122
227507564
227743244
227834508
227928491
228116174
228236124
228249587
228363753
228577700
228600011
228776361
228839030
229003341
229018527
229066817
229247422
229497901
229530825
229720559
229835566
230021032
230219798
230225125
230239482
230266760
230400872
230457688
230473954
230569013
230836583
231106391
231233705
231269323
231287070
231436130
231498157
231519265
231529817
231593278
231987944
232092025
232238419
232603450
233147101
233293644
233787158
233826514
234043330
234332873
234442694
234627738
234810111
234834301
234991010
235182871
235398564
235422245
235523351
235667887
235902466
236027499
236394795
236423843
236448214
236642652
236915254
237170268
237304238
237309726
237398645
237651585
237796634
237843894
238177291
238544648
238712364
238714338
238749520
238824180
238872147
238957824
239011530
239073460
239103716
239232364
239499833
239527228
239639182
239643295
240025721
240581153
240707237
240934810
241175481
241236011
241237267
241576391
241591075
241748991
241785455
241945923
242057692
242275116
242307834
242313998
242351527
242478825
242784466
242995513
243063652
243300809
243302558
243439727
243696676
243748944
243820588
244006593
244063871
244104328
244213173
244219143
244475690
244595069
244598799
244862369
245118965
245169096
245169978
245293003
245328174
245505059
245525296
245585925
245691182
245931536
246011316
246278013
246407873
246834404
246877112
247007708
247297693
247605061
247950020
248075543
248077219
248335825
248355259
248406529
248443859
248687648
248753810
248879554
248921788
248933542
248989349
249201242
249378153
249721749
249733223
249863546
249876679
249991013
250199414
250398922
250452062
250587124
250685497
250710020
250812381
250836678
250872646
250908598
250920442
251023976
251115764
251239661
251380698
251460316
251699395
251788748
252002663
252044198
252091895
252234742
252395954
252408906
252518166
252550653
252575377
252733053
252885152
252982516
252989288
253235540
253252618
253294543
253377224
253380745
253437217
253564323
253763790
254063543
254180495
254403941
254418515
254481985
254589053
254642007
254806454
254821419
254950990
255567071
255588059
255648094
255663131
255680868
255855002
255971891
256651575
257388841
257526695
257668513
257687321
257820144
258246542
258314172
258398732
258619783
258810541
258921858
259219054
259481786
259508163
259728840
259757862
259879840
260012195
260471238
260505129
260511755
260660734
260704798
260865524
260914434
261101841
261180701
261306648
261384594
261618704
261805781
261878721
262027174
262062139
262147877
262278576
262315240
262352216
262429784
262608802
262904452
263189830
263260265
263429366
263472663
263745527
263762071
263855355
264140528
264183857
264464809
264601924
264994470
265008452
265073502
265156702
265216625
265601859
265716029
265746296
265776940
265821017
266014978
266043425
266065489
266385198
266395794
266404900
266429067
266668562
266833924
267006970
267018345
267072483
267325405
267355907
267381230
267444258
267812443
268151080
268611681
268614076
268614594
268640322
268912723
268943806
268958776
269017266
269136723
269153913
269217884
269337765
269343879
269362210
269412955
269439414
269443629
269690865
269947686
270072000
270274492
270334945
270517953
270785169
270796606
270896258
270938578
270954554
270979049
271079085
271137555
271198853
271289745
271415632
271583208
271776529
271838983
271842999
271898436
272055244
272203265
272373026
272481645
272563040
272656175
272736189
272985657
273000318
273173102
273222101
273235496
273340211
273428763
273587288
273590580
273594023
273615643
273637395
273945870
274086600
274087220
274189274
274592815
274682504
274816605
274895571
274907545
274953950
275037598
275038855
275598973
275799711
275852208
275866570
275978511
275995678
276257201
276371597
276495154
276504309
276566684
276584528
276714637
276953035
276955498
277001905
277004250
277377291
277770818
277836114
277875940
277932984
278287680
278422496
278618649
278633787
278706003
278766945
278948115
278975753
279030239
279065492
279330051
279357861
279672523
279749155
279777629
279793255
280075414
280279882
280630584
280676945
280776457
280878411
280894735
280954937
281077131
281114396
281321807
281347881
281508084
282055366
282237572
282257370
282306252
282397748
282425358
282432527
282440714
282474593
282524564
282844529
282925407
282957337
283203026
283241359
283604898
283657218
283705199
283748974
283909381
283925941
284078824
284453936
284643551
284764730
284853970
284879279
284944104
285119161
285165128
285495845
285589941
285594320
285625315
285737418
285866779
286007570
286154343
286155142
286332504
286552332
286566013
286870504
286946008
287064558
287186888
287288996
287428457
287686355
287760528
288185995
288190833
288502810
288527625
288820054
289227930
289236406
289322958
289366744
289435299
289531657
289578783
289591591
289629800
289662555
289671119
290042758
290092155
290120885
290295454
290314200
290509534
290540526
290954870
291049157
291326673
291333405
291396484
291447032
291491908
291988660
292018546
292184370
292188621
292230966
292271076
292391889
292393174
292607263
292630731
292854404
292895202
293033044
293076868
293200694
293319975
293611083
293650793
293876238
294053567
294067529
294220106
294255893
294295614
294519098
294567369
294624105
294745147
294768114
294782995
294955674
294963386
295152445
295268139
295274100
295320551
295370147
295602552
295637903
295752366
295851584
295930858
296100411
296171883
296213506
296261658
296488201
296588902
296882952
297431214
297624179
297637817
297752306
297881789
297955974
298172219
298260408
298277802
298423330
298591515
298611503
298667895
298698662
298854039
299000062
299249626
299273208
299310082
299323900
299810054
299869935
299923970
300274218
300348718
300869721
300992694
301012408
301109473
301176730
301267107
301320752
301383302
301528738
301610924
301674856
301708940
301797253
301813145
301975834
302162204
302243978
302388235
302412090
302599347
302675299
302700533
302782480
302806063
303348580
303395514
303603332
303635887
303739565
303806099
303912993
303916977
303920531
304007271
304235855
304398588
304414020
304420626
304443590
304694027
304767176
305123400
305195982
305207205
305242355
305673483
305718674
306027405
306048332
306077690
306151500
306252855
306262841
306277426
306282336
306289530
306546441
306724386
307001151
307032851
307074981
307496697
307621029
307651179
307988814
308203041
308375826
308453997
308629049
309031913
309260577
309304253
309348640
309480289
309535286
309693927
309711297
309796084
310331477
310380360
310388269
310403384
310588530
310618223
310686868
310802085
311025976
311069515
311072915
311532500
311720051
311752996
311874815
312220853
312296482
312357241
312372823
312422428
312521762
312639540
312665385
312711685
312795970
312878510
312928596
313003603
313115510
313234572
313278146
313529154
313538528
313720300
313787571
313896698
313994005
314096918
314234569
314270161
314283356
314451534
314499123
314505401
314547801
314723073
314767187
314797697
314838520
314862170
314879612
314884880
315075229
315140410
315231817
315249910
315541617
315608642
315650612
315810318
316208102
316301657
316464402
316526189
316661211
316913857
317060597
317114023
317456647
317488158
317502727
317529085
317546411
317636677
317781599
317819209
318246915
318276220
318287850
318491333
318517329
318608896
318761348
318798606
318830417
319150587
319166973
319256356
319472632
319551986
319651144
319667449
319933629
319935435
320096558
320166567
320207412
320425937
320641341
320736431
320908056
321011725
321039119
321121816
321374362
321407742
321427514
321543495
321570248
321623883
321691708
321698669
321972628
322175840
322260042
322433578
322502327
322559882
322589417
322672738
322705211
322745910
322787593
322852712
322972970
323003051
323089248
323149741
323157488
323556318
323562538
323686395
323688949
323877389
323974687
324299684
324320630
324376177
324384122
324388963
324482194
324501309
324617155
324644282
324899897
324980153
325036127
325176996
325277465
325368940
325521684
325625516
325673040
326260206
326308670
326354573
326701709
326920349
327026925
327350714
327391279
327540989
327626150
327758306
328312969
328384596
328424579
328581189
328972038
329208364
329300235
329471315
329700897
329880586
329941163
331174461
331288920
331467813
331469872
331537254
331698012
331729823
331730132
331840294
331953645
331975112
332113820
332176590
332193345
332204272
332236726
332308544
332387420
332589461
332817398
333075919
333135906
333326051
333389250
333770857
333811299
333816492
333878673
334033394
334131732
334172640
334216003
334274978
334859510
334944645
335375667
335529421
335621656
335733540
335931939
336026022
336133179
336158378
336173377
336201260
336201510
336422728
336428453
336505003
336571247
336652043
336667531
336793662
336845217
337076526
337331118
337388987
337553219
337880279
338118398
338238604
338420746
338421188
338466497
338690161
338759704
338760687
338925245
338965769
339023056
339105749
339230658
339288111
339464760
339859293
340079280
340087954
340119389
340204356
340749995
340895726
340907507
341150557
341171495
341312690
341634337
341636458
341770056
341826947
342012881
342110009
342197036
342298102
342356259
342409397
342425626
342463135
342509736
342610246
342656679
342740776
342871459
342883134
342943195
342957398
342964022
343001679
343026319
343511786
343515167
343657377
343786309
343916162
343945958
344097907
344299315
344312677
344417612
344449249
344485047
344605912
344606096
344712050
345248966
345274436
345392320
345656091
345716301
345863959
346113629
346348459
346507479
346547219
346614378
346746972
347344447
347382113
347559351
347676995
347689393
347817221
348098934
348187866
348223680
348320993
348430354
348702144
348961433
349022692
349061335
349322346
349353349
349382321
349429681
349479430
349484319
349707245
349721648
349724356
349733382
349753359
349857533
350102296
350217907
350218762
350283919
350294407
350340937
350507924
350826605
350843122
350967534
351038504
351078889
351104212
351112232
351159315
351423829
351465230
351467069
351475177
351532484
351603271
351700022
351792171
351902945
351908997
351972119
352093688
352148609
352241936
352572851
352623235
353142537
353189652
353212909
353221747
353385827
353571326
353586608
353686428
353798580
354076920
354225755
354285621
354305737
354485660
354529110
354599922
354706423
354712909
354750261
354977196
355007991
355135868
355450411
355495524
355699564
355788187
355835004
355839191
356104916
356110453
356213363
356230963
356304227
356423471
356455186
356544471
356589197
356763594
356769028
357127468
357158781
357608295
357680161
357755173
357893452
357907742
358266385
358416973
358495425
358554647
358662546
359047590
359353940
359585005
359733904
359784272
359938661
360098659
360257689
360327771
360565749
360572028
360592960
360962476
361164142
361252488
361277791
361436204
361601360
361627760
361740256
361759441
361967741
362137313
362414703
362417994
362531342
362561268
362794226
362894036
363336230
363359137
363367643
363379385
363671350
363942391
364250135
364313972
364372108
364445453
364508799
364548448
364678946
364796977
364805669
365001682
365253726
365321115
365596614
365607913
365759075
365855640
365955631
365960208
365987164
366037411
366399562
366424879
366445625
366481877
366942294
366966576
367210510
367456263
367523342
367565384
367646229
367728434
367734972
367739917
367892010
367898113
367938394
368459627
368640533
368776511
368805553
369124463
369216414
369348686
369546478
369948413
369955300
369966152
370097894
370208225
370232946
370415490
370557052
370600299
370747660
370773425
370808596
370906598
370974045
371016778
371201253
371284701
371322763
371553931
371680416
371929570
372055460
372197686
372491223
372539786
372544836
372878840
372934664
373003113
373062800
373090036
373188326
373310698
373457543
373459453
373474124
373566695
373607411
373615761
373638038
373661587
373681912
374216140
374440147
374473253
374552245
374554441
374563439
374824401
374898932
375021286
375039244
375267338
375408181
375425770
375433477
375464665
375536021
375559754
375755338
375765359
375903096
376020701
376086281
376317169
376587478
376801214
376858336
376943947
376965327
377018656
377121459
377133582
377217855
377237689
377296566
377302379
377322463
377323411
377509332
377515936
377518781
377528711
377586893
377787054
377908928
377939662
378275557
378344920
378693977
378710090
378801068
379028216
379068289
379162855
379456296
379647820
379895897
380176095
380340917
380355857
380510543
380540192
380690657
380800296
380897745
381086944
381261497
381769901
382144263
382160897
382202716
382247097
382323668
382398081
382476385
382523215
382661452
382797850
382856894
382955262
383077450
383834837
384045125
384121343
384136877
384210445
384241839
384631464
384806638
384948738
385048179
385052040
385108840
385198555
385298861
385340574
385377748
385465950
385576689
385639672
385807770
385822888
385909713
386032258
386083190
386146729
386164225
386235872
386554411
386612892
386721457
386759871
386777469
386840537
387002035
387181660
387228216
387470651
387538018
387716110
387744404
387917216
388080007
388110387
388125276
388175308
388253558
388511956
388667518
388693406
389220443
389285915
389469164
389479333
389738418
389766725
389817334
389837083
389838678
389925993
390073798
390131336
390145468
390169575
390187437
390189888
390532343
390835586
390845779
390890213
391027956
391063008
391485376
391542061
391679503
391742693
391776656
391857712
392445399
392449359
392533348
392622393
392632072
392998103
393021409
393200728
393417692
393499741
393572917
393717744
393758367
393818470
393901790
393975159
394059956
394280493
394448687
394506071
394750345
394867934
394972171
395159285
395175522
395467766
395509292
395570982
395645969
395653182
395710978
395725046
395743578
395773913
395825185
395890854
396072360
396166987
396196974
396264328
396394152
396406833
396461659
396501935
396512907
396650017
397042609
397110870
397279896
397392131
397595878
397625987
397767090
397901611
398138044
398239917
398496882
398545235
399055014
399105857
399240333
399277591
399361979
399518888
399529265
399651835
399659479
399690073
399700640
399820116
399856066
399930072
400143906
400158050
400248544
400390868
400411920
400437271
400704207
400954895
400969566
401104980
401169653
401208634
401333267
401398544
401443057
401829833
401839640
401870690
401957915
402218883
402232297
402358195
402415744
402501954
402816758
403247566
403580662
403793333
403888853
404020093
404053306
404089464
404232439
404687330
404730573
404757522
404865711
404951516
404969740
405164574
405285080
405331270
405366150
405452720
405563976
405582924
405636409
405998296
406020564
406225584
406258152
406326721
406475892
406500341
406585787
406677280
406714553
406758348
407103666
407153273
407524621
407673561
407858813
407873253
408126147
408276029
408410672
408596811
408649155
408731853
408873616
408975547
408996863
409039224
409158042
409189138
409318866
409370312
409684000
409714357
409777852
409779445
409816081
409931595
410030146
410176601
410464165
410558459
410597183
410821017
410853892
410890825
410927243
410971389
410992692
411420561
411555808
411869695
411885775
412374761
412417979
412491570
412514658
412602404
412653922
412664877
412877130
412899029
412902312
413119722
413217519
413283576
413355857
413409706
413706152
413860745
414140182
414238353
414408428
414480610
414535302
414804277
414827736
415429032
415511548
415715936
415768432
415834654
415841625
415855907
415955406
416239547
416600100
416675006
416954111
416958049
417119416
417318655
417872705
418119018
418195137
418289031
418382545
418386986
418734828
418846152
419023501
419043243
419087224
419145030
419435419
419582120
419986511
419986804
420006602
420392923
420466637
420534814
420555407
420598424
420613802
420651986
420765323
420844761
421036908
421126065
421151051
421187774
421460441
421690486
421717053
421758952
421870437
421873463
422027330
422286038
422567913
422621788
422664945
422889838
422965168
422980493
423010205
423027666
423228602
423381092
423556240
423690824
423738381
423792869
423832994
423887561
424072363
424091069
424110785
424372577
424527211
424594489
424670589
424908441
424954083
424988700
425021068
425107969
425165566
425188860
425224046
425455161
425477567
425484086
425539035
425643523
425874327
425995462
426169832
426172428
426205350
426338753
426383160
426494731
426824280
426851205
427019232
427052111
427305486
427366595
427423834
427438656
427645757
427667042
427694600
427751922
427757266
427808671
427946009
427949401
427961814
427996387
428140480
428224046
428265895
428314326
428464054
428495513
428517570
428997073
429244316
429306947
429315943
429373053
429374641
429703615
429787688
429900183
430271435
430344673
430474207
430674551
430682634
430745427
430973408
431038025
431104162
431287755
431304347
431335474
431356532
431477539
431677556
431877636
432168513
432177616
432198299
432404247
432422517
432688473
432766819
432781948
433118399
433344717
433512221
433518097
433525021
433694018
433742843
433848539
434278723
434386005
434396475
434477520
434824081
434860557
434924005
434967670
435085106
435132961
435203580
435285830
435601141
435798521
435816827
435895835
436056594
436094610
436283730
436456206
436595988
436667277
436711113
436928766
436990560
437514834
437623795
437779902
437937883
437973150
438222650
438316280
438365792
438462013
438481314
438558673
438695488
439008771
439127165
439313163
439325091
439415208
439573675
439716261
439767579
439797207
439838328
439882993
439952692
440447373
440506968
440560307
440784319
440878521
440880030
440918648
441034988
441283825
441326879
441395123
441571273
441601506
441717224
441762176
441906933
442041456
442364400
442450767
442546444
442664390
442765431
442979378
443200419
443231286
443250976
443335564
443369002
443816622
443881559
444061757
444137099
444196260
444249585
444344965
444572404
444758415
444960678
445001550
445280960
445515085
445557137
445662617
445736369
445855848
446085569
446152983
446208405
446700716
446889004
447019710
447094217
447220919
447252711
447263432
447355054
447379719
447525611
447599767
447613374
447613747
447627176
447634680
447639819
447706047
447753640
447781801
448009701
448035150
448078787
448156544
448174706
448198414
448332219
448357928
448419824
448422741
448672025
448858452
448927129
448931349
449007388
449079296
449235322
449328936
449342065
449600026
449667303
449719427
449770927
449901762
449946709
450270383
450512937
450805174
450879569
450971083
451100681
451154150
451203855
451242754
451560399
451624407
451668076
451777928
452112335
452196844
452224327
452377886
452579427
452818321
452840434
452904494
452927611
452941939
452958437
453013055
453264375
453276351
453438440
453442925
453538551
453641644
453671575
453688734
453753399
453767731
453791569
453853915
453924385
453998085
453998940
454065905
454314239
454424553
454534331
454883506
454935357
455497964
455505010
455602764
455734185
455831912
455882891
456083156
456121552
456218037
456400576
456472769
456748440
456833043
457000336
457055465
457137418
457146257
457379581
457462638
457666558
457860191
457865132
458061993
458620445
458634731
458745310
458795361
458816707
459027183
459168739
459242143
459358969
459361944
459429467
459608506
459648999
459785347
459865845
459960140
460128488
460171144
460192169
460220649
460315156
460604181
460607249
460830101
460947062
461012963
461055214
461074819
461103600
461251522
461453553
461630255
461662616
461876547
461893212
462211343
462217746
462314006
462323816
462328556
462880191
463036387
463152871
463205500
463372302
463474661
463475732
463652048
463856218
463990750
464001134
464192661
464762191
464840509
464860604
464866234
464955203
464996138
465041825
465228973
465264118
465424760
465545807
465617032
465719549
465909589
466149456
466624301
466975379
467229238
467329409
467669475
467726409
467757005
467945700
468150054
468185871
468223386
468451410
468474451
468546713
468634049
468786880
468864888
468883618
468917265
469148709
469150069
469170623
469392962
469463959
469510123
469671515
469690243
470024241
470237380
470275738
470284177
470287902
470386239
470473480
470611398
470715033
470765494
470983623
471024399
471094361
471213164
471242463
471347513
471424363
471679015
471962927
471988488
472064811
472081417
472308737
472316771
472389022
472906304
473575391
473753982
474064295
474103321
474280028
474344945
474436130
474539490
474540026
474586328
474973638
475107989
475137791
475238793
475270801
475474013
475594292
475630728
475644841
475688968
475722924
475883186
475913373
476021648
476069114
476140021
476173341
476233686
476246554
476390889
476481790
476720459
476734281
476900641
476911098
476936617
476937094
476974140
477073964
477189653
477208403
477242138
477288855
477435606
477486245
477537656
477670400
477729627
477981980
478442375
478590007
478675972
478713543
479043454
479068649
479141709
479289919
479361560
479427820
479565964
479626342
479764286
480044775
480230228
480257405
480307868
480458512
480579438
480716337
480777559
481060066
481205406
481328278
481505536
481626157
481779802
481893641
482032689
482051324
482092760
482119769
482380134
482559411
482641319
482845329
482851846
482953007
483086811
483140503
483527959
483990066
484054592
484073498
484098322
484217773
484486852
484592695
484799012
484812536
484822866
485181404
485289872
485422333
485450988
485467426
485542950
485627018
485959729
486109115
486248406
486263885
486356260
486550891
486685496
486878043
486920642
487041146
487077435
487122150
487296220
487573876
487763817
487798129
487929671
488146975
488169149
488184623
488335347
488335902
488375363
488461844
488484807
488517848
488540317
488923089
488979539
489183686
489316358
489319421
489503812
489586019
489737796
489779372
490177260
490266499
490434337
490492402
490919391
490928268
491083239
491251346
491262900
491529809
491810120
492211275
492354272
492495029
492656751
492742750
492797249
492953966
493016212
493022026
493080100
493308911
493369763
493375157
493676921
493838360
494147791
494163213
494299430
494438467
495556429
495585334
495656408
495764182
495764939
495836717
496106146
496110410
496418282
496917643
497015596
497177043
497218837
497760921
497764853
498231646
498243889
498339913
498515901
498594497
498613701
498628641
498656979
498701647
498781913
498800791
498942055
499026564
499031957
499360652
499455059
499683332
499768068
499804794
499943827
499979009
500098280
500279749
500327989
500405968
500488870
500534109
500567634
500604765
500778272
500841166
500876208
501282584
501396388
501453809
501965837
502006652
502096604
502191253
502286546
502460297
502699862
502746522
502890654
502979465
503093318
503265358
503279764
503784051
503919310
503932737
503958642
504176478
504354810
504550183
504617711
504703306
504862602
505032047
505114179
505169190
505237353
505394699
505533478
505621036
505701230
505747842
505774660
505983584
506177945
506449906
506481109
506583840
506619359
506688068
506695576
506734995
506827787
506977775
507000579
507195360
507331603
507511966
507721791
507746511
507755713
507904035
507946877
507970444
507987794
508151581
508175482
508218544
508219928
508268845
508732661
509217534
509223078
509229292
509326155
509367558
509637517
509847950
509944336
510043998
510053276
510422151
510464227
510735182
510894661
510964216
511131765
511144786
511198958
511233711
511388135
511447260
511522399
511765639
511859814
511965743
511992567
512044090
512045486
512052011
512148159
512229193
512459412
512464853
512517202
512529074
512614215
513161461
513337206
513403587
513479464
513563285
513605957
513659483
513920866
514019214
514081293
514097217
514216351
514348065
514604627
514609776
514618587
514888921
515093352
515418827
515438910
515859822
515878307
515902498
515936756
515940834
516113013
516237014
516536133
516772450
517143317
517149813
517309876
517327610
517542232
517585277
517635558
517708368
518073199
518135258
518257191
518321554
518377805
518392820
518486157
518751396
518834143
518871017
519060558
519375823
519509851
519523372
519633962
519869057
519933384
519968476
520010068
520011251
520021786
520187439
520212863
520450637
520521669
520631502
520671149
520696335
520915483
521046070
521056422
521322646
521339934
521597142
521670422
521825780
521944175
521984621
522008353
522053688
522129583
522148024
522159144
522208007
522333658
522492987
522494951
522713031
523089284
523272628
523359824
523523403
523721807
523730792
523941105
524360168
524412582
524449280
524606282
524688457
524745515
524774043
524839417
524950404
524951129
525157676
525323422
525557044
525755788
525919165
525979559
526033405
526061843
526133608
526367192
526436716
526511188
526548550
526755653
526818199
527159286
527521135
527612161
527640021
527810171
528101075
528144125
528156836
528178060
528420747
528693529
528703644
528856179
528997018
529040353
529115716
529146614
529393279
529484838
529651989
529713814
529851463
529868682
529949158
530000825
530116735
530124089
530348777
531080659
531096677
531218573
531444330
531545878
531818516
531837343
532059691
532115961
532240155
532353370
532528513
532557021
532591322
532731190
532948421
532970452
533333442
533347717
533447428
533627565
533705119
533846243
534100231
534101096
534199440
534387397
534405858
534519903
534571060
534821581
534830498
534844389
535365368
535370601
535434907
535475726
535536069
535664780
535694089
535750584
535872616
535881603
535948469
535986932
536352972
536551216
536680063
536741979
536812598
536843822
536925248
536958283
537047135
537179405
537243815
537251767
537315229
537381999
537537950
537546173
537628421
537678189
537823522
537928561
537969270
538092925
538408681
538413722
538432586
538488821
538623331
538851432
539047357
539423800
539432803
539466232
539527136
539729091
539781787
539941903
539955490
539960946
539975088
540103757
540109588
540122538
540198999
540216178
540286550
540319478
540612766
540746613
540749658
540903816
540999656
541039016
541178169
541223291
541288836
542062491
542097070
542236052
542287222
542313748
542403975
542630393
542919619
543031311
543271047
543399049
543404698
543645432
543703330
543789389
544054506
544069839
544127934
544333240
544364269
544603740
544809863
545003813
545020749
545038674
545155845
545182296
545228593
545317446
545345725
545373997
545616779
545696997
546029526
546182829
546219764
546252309
546443386
546959700
547094645
547157310
547334950
547371440
547654412
547723456
548044262
548206702
548617674
548628217
548697328
548707516
548805305
548845164
548894544
549094672
549179251
549289816
549362072
549508220
549517912
549527435
549575839
549603194
549695466
549762964
549903459
550033801
550368865
550417915
550571384
550690278
550794380
551115963
551278367
551294398
551359269
551361213
551616710
551672251
551698719
551749370
551870780
551950415
552396811
552703561
552881397
552923504
552976974
553063688
553180854
553244199
553499010
553512923
553567151
553647517
553817725
554032213
554218435
554284524
554294002
554596975
554697676
554751469
554811048
554884603
554898109
554932245
555174005
555379840
555573867
555597580
555798035
555922390
555978433
556048972
556355125
556554548
556782764
556868777
557019814
557081743
557177987
557564485
557702439
557738597
557839962
557841201
557879594
558178754
558205688
558328974
558562120
558641309
558823066
558938099
558963126
559006460
559174212
559302151
559397888
559408961
559569033
559596730
559630581
559657622
559933346
560005321
560122726
560508790
560659273
560691305
560921311
561067176
561102154
561172727
561293146
561381510
561477189
561515119
561676697
561826125
561876001
562001310
562037564
562129466
562155702
562193426
562490640
562544324
562629154
562838131
562995510
563127646
563309769
563489651
563572385
563747130
563812468
564109469
564300057
564310530
564548960
564576585
564720758
564925069
564950860
565085827
565188630
565216132
565263857
565277170
565336690
565362210
565547426
565659673
565792006
566266624
566274382
566392789
566462453
566849518
566852090
567013143
567194356
567469471
567724626
567819765
567859058
567932134
567938701
568075655
568126591
568139537
568242759
568388402
568416586
568465575
568532426
568762607
568766484
568794082
568885805
568984047
568998009
569044856
569148461
569250955
569531112
569549464
569572403
569590037
569646395
569728105
569813797
570032608
570424533
570570150
570705848
570720713
571013525
571038546
571130668
571307448
571370011
571500646
571813908
571902625
571956958
571966461
572005189
572211089
572240632
572285466
572410005
572470382
572568109
572787173
572948603
572967026
573250349
573282884
573416162
573579959
573623181
573699106
573734070
573777316
573931485
573941361
574035175
574093528
574143908
574179883
574185583
574290856
574519565
574553314
574893677
575075591
575116543
575431058
575462433
575658443
575658675
575717374
575959250
576325774
576625751
576712996
576733484
576846852
576980346
576995540
577010704
577283765
577475639
577574367
577617591
577875881
577930810
578084329
578107201
578234460
578475104
578507381
578547787
578699369
578705074
578710674
579166407
579300989
579347591
579385401
579755800
579757548
579786018
580012762
580062826
580146116
580666485
580668909
580676623
580918193
580921107
580962749
580975772
581055248
581173369
581213908
581280374
581288833
581470684
581484524
581524174
581596885
581762665
582118000
582263727
582433450
582485088
582639033
582849811
582880739
582890559
583546253
583548801
583625266
583762707
583793128
583922674
584102361
584213011
584270979
584369865
584593582
584700035
584843086
584865801
584868319
584902629
585031851
585224920
585255892
585315330
585688656
585937273
586176533
586204951
586236442
586359018
586788304
586938888
586946304
586952920
587045954
587231385
587279550
587331054
587332226
587412434
587619616
587629547
587845085
587954037
588114091
588159905
588181800
588284367
588532337
588720437
588751622
588779114
588831506
588860876
588953347
589109143
589242900
589388286
589480854
589584433
589614824
589667618
589734388
589842843
590113704
590159106
590172368
590198728
590213825
590315336
590355312
590522821
590541550
590610682
590937744
590994682
591064722
591292000
591298305
591301122
591359302
591625450
591677602
591731345
591776094
591833020
591946886
592014379
592186656
592252378
592554462
592579071
592603330
592726125
592783088
592821504
593271390
593685123
593805262
593812202
594003234
594245868
594349222
594390792
594652105
594721333
594722322
594793548
594906315
595016525
595117936
595224058
595286437
595308082
595613607
595646919
595837522
595883222
595956413
596092474
596216891
596387003
596542783
596580556
596650817
596679885
596723720
596756513
596862948
596945550
597017500
597385554
597520676
597578019
597657544
597731717
597997839
598237468
598294925
598390713
598449668
598463985
598533219
598666982
598697766
598720878
598898659
598924613
598950062
599006312
599009014
599392744
599487586
599831328
599948860
600074350
600192597
600432364
600575887
600654283
600943936
600992847
601005848
601017278
601163828
601265573
601283464
601308954
601367196
601527327
601729401
601843591
601850875
601865034
601922850
602067258
602365718
602377180
602466935
602528331
602605311
602828623
603002876
603049551
603113046
603147799
603359054
603622737
603644022
603769662
603840340
603922932
604031175
604099215
604115436
604134779
604203770
604542761
604582110
604893041
604932284
604967785
605080318
605240372
605379469
605417295
605619703
605707314
605931698
606114290
606258998
606445317
606824994
606856467
606989791
607003614
607213097
607311247
607328415
607365315
607397399
607607532
607781119
607871781
608259218
608856416
609073019
609105049
609133650
609243789
609423067
609547073
609673110
609991281
610076702
610131444
610196133
610304493
610636618
610638681
610663980
610714113
611131700
611160801
611195109
611200625
611279379
611475284
611645031
611771979
612095607
612240302
612425405
612570020
612634140
612662502
612782706
612821864
612824335
612891739
612907963
612928142
613439461
613491908
613828965
613929541
614144941
614208931
614224924
614316311
614549389
614677468
614727242
614730465
614845441
614937290
614979032
615032935
615085819
615198311
615276146
615329045
615458752
615678588
615900298
615905670
616001173
616091324
616298522
616927613
617033546
617037139
617124767
617214561
617383743
617521486
617550331
617579912
617662083
617802450
618069903
618251395
618295203
618304065
618540678
618663951
618671114
618742846
618862480
618996728
619182210
619477487
619843580
619928122
620043240
620180776
620186242
620250491
620258169
620337899
620356940
620406598
620438097
620470556
620704644
620798536
620825937
621276185
621486602
621518905
621899147
621978786
622148127
622578327
622710145
622733130
622770411
622792938
623017464
623135167
623162515
623275246
623284322
623450011
623523820
623639398
623642154
623921156
623930803
623959879
624056281
624435054
624584516
624815212
624822711
624872066
624960301
625087870
625395421
625398923
625524929
625536600
625570276
625718540
625794926
625868470
626018189
626166820
626449184
626724494
626868445
626883083
627308316
627310603
627334868
627381260
627464541
627856933
627960270
628015980
628040372
628322365
628348636
628379086
628432710
628471053
628629822
628898341
629076633
629155451
629378050
629422951
629472777
629762432
630772971
630838318
630947603
631220205
631254299
631428434
631515857
631529390
631546305
631620415
631647703
631651739
631686092
631942208
631966670
632090992
632164135
632230147
632432999
632460087
632539743
632631019
632662754
632686907
632797211
633027491
633109934
633244953
633307484
633313856
633459051
633596984
633767471
633800463
633821111
633858759
633941498
634003918
634102149
634190251
634222851
634486771
634516746
634593476
634734706
634868259
634965527
634999403
635045569
635058800
635120965
635319948
635360485
635465322
635472163
635499002
635503067
635511877
635722138
635818361
635906976
636480017
636628329
636777211
637045477
637152976
637170083
637605485
637643595
637757598
637832004
637880359
638192419
638280764
638450098
638470216
638499969
638536496
638608006
638629818
638649917
638706762
638733212
638785205
638935520
639219364
639261537
639460662
639554902
639764412
639779171
639812442
639834351
640121639
640158672
640192878
640198105
640280432
640689508
640744969
640932408
640954631
640993667
640994624
641138307
641210875
641303574
641326579
641352552
641360889
641444371
641464566
641530671
641556616
641668542
641831008
641835552
642579208
642660044
642732439
642783616
642869046
643032213
643091331
643426822
643459490
643475069
643661312
643818603
643857721
643877182
643902260
643971637
643995938
644019100
644027526
644046330
644075468
644141895
644210282
644516373
644554958
644593542
644872158
644984426
645038014
645054298
645207509
645219355
645268608
645375557
645403925
645477851
645720196
645795344
645799842
645807142
646158506
646401045
646440197
646517959
646609759
646717905
646761936
647004092
647305169
647317697
647348410
647359239
647485634
647733118
647774181
647799665
647960140
648060387
648145427
648243353
648289108
648935695
648972187
648997062
649314328
649323253
649702644
649827092
649949143
649961915
649966109
650072346
650183284
650215320
650234369
650280996
650714922
650807060
650986440
651012056
651329894
651381160
651419847
651508839
651877495
651946747
651966377
652118397
652223480
652291809
652399990
652434488
652513522
652643855
653072314
653155696
653270731
653293294
653338035
654056390
654197779
654716849
654798867
655164262
655266169
655596385
655638802
655683103
655776385
655937877
656035200
656252457
656370948
656439026
656470651
656656861
656791889
657183061
657220282
657507059
657652207
657753763
657765407
657889047
657939460
658014751
658094250
658111486
658399594
658446002
658506129
658538063
658544671
658585919
658680890
658729498
658882464
658930477
659018055
659057364
659236046
659267892
659287311
659374637
659478053
659480952
659768179
659878457
660159455
660274532
660391063
660398627
660496709
660587199
660592538
660665639
660890498
660943648
660958285
660960592
661054155
661198249
661209665
661551090
661608417
661669916
661837296
661871788
661902660
661943457
661958847
662140113
662141677
662163085
662265792
662362303
662736848
662829446
662941002
663080334
663151533
663151559
663272044
663281112
663382661
663505327
663519848
663546663
663777887
663839991
663926323
664150894
664232519
664280342
664377904
664481941
664522135
664638129
664802746
664909560
664922450
665003998
665162984
665176806
665209006
665498885
665507027
665552539
665821915
665829546
665958314
665982081
666029863
666161291
666300680
666405320
666522976
666574519
666785191
666942980
666964837
667073657
667267723
667460984
667678755
667770378
667818541
667891213
667895437
668158973
668227707
668478066
669019399
669036667
669082731
669178954
669299355
669328340
669401751
669433682
669459256
669476372
669632078
669642150
670023294
670144897
670213787
670309218
670488377
670698758
670772130
670778503
670805795
670815277
671028799
671192349
671223173
671270080
671279486
671295150
671520399
671807554
671829440
671957847
672185281
672211231
672269028
672305074
672342804
672417188
672439956
672452314
672511883
672528272
672580673
672743317
672746282
672747914
672867523
672977960
673104458
673181278
673439331
673528615
673590065
673593402
673789694
673936665
673961406
674000094
674258275
674284425
674416880
674559872
674771832
674772795
674802586
675153692
675185431
675546357
675668520
675678566
675882902
676056570
676069505
676140309
676640354
676819199
677034005
677189530
677211827
677279562
677298578
677742711
678004349
678010534
678200698
678619568
678718514
678835735
678960374
678990664
679182508
679370620
679437593
679747722
679758526
680008644
680076764
680097428
680402909
680406884
680584232
680628262
680887709
681138174
681248495
681264945
681323378
681492191
681581630
681616453
681793799
682001279
682128676
682158794
682187440
682227950
682516052
682618927
682778701
682870986
682897750
683348596
683373379
683703832
683730704
683741336
683780560
683813717
684031477
684044581
684258427
684329231
684682807
684739294
684799303
684835673
684917750
684932724
684989116
685118466
685203067
685501184
685563617
685683611
686252366
686369062
686374685
686383496
686414053
686566738
686738583
686896179
686958468
687144050
687263014
687593402
688015619
688018903
688119620
688228488
688751802
688753486
688805643
688824207
688855128
689324829
689525712
689536819
689726782
689785729
689788298
690122780
690317613
690415528
690442425
690442473
690543300
690641072
690949635
691148521
691269702
691417894
691568399
691575970
691682711
692143391
692221199
692249600
692702662
692797654
692844202
692855298
692877707
693078533
693082321
693109746
693351587
693390310
693530658
693682554
693814506
693869579
693962178
694048312
694221423
694454670
694585100
694602150
694650240
694847053
694871297
694895179
695110911
695231866
695310282
695334744
695447780
695727150
695797233
696162029
696186495
696221163
696232105
696232178
696421060
696580370
696666311
696998618
697256022
697271274
697362915
697586137
697790397
697948018
697979491
698017269
698205666
698372594
698480977
698600443
698652137
698700362
698734304
698757767
698803783
698810183
698875338
698919407
699050391
699190077
699355431
699477155
699508015
699583562
699774321
699821486
700018295
700476286
700534301
700569658
700603263
700691032
700820463
700904020
701230076
701259565
701487941
701643914
701666321
701728141
701920761
702202928
702318964
702361459
702406602
702534035
702546424
702710098
702847686
702938078
702940497
703072172
703137563
703361634
703381205
703386106
703539406
703565242
703803794
703847840
703936032
703948356
704001189
704330308
704340378
704447898
704619967
704871824
704873163
704923625
704934941
705557284
705690237
705854309
706262728
706301008
706345568
706422032
706539805
706605739
706635823
706711070
706813225
706860518
706865140
706934408
706999973
707146406
707356109
707434647
707446928
707605424
707769476
707816810
707831854
708059337
708293270
708300509
708548265
708923679
708996454
709106781
709229173
709272831
709494304
709562425
709689610
709767148
709945254
709987196
710093918
710140292
710161706
710618247
710692947
710719939
710806311
711163425
711208796
711209633
711432241
711578153
711875055
712014694
712466773
712487763
712867975
713049848
713211017
713242740
713277395
713327867
713356654
713357352
713573510
713586192
713648296
713711025
713942890
714183126
714211550
714241542
714317385
714483405
714592177
714601448
714786767
714826988
714890327
714893214
715155180
715225630
715288364
715481773
715598241
715608895
715665533
715715742
715756819
715792891
715911495
716001132
716067105
716264199
716286863
716399419
716431113
716454632
716473939
716629796
716630009
716727662
716891306
717058603
717083615
717159982
717160312
717353732
717512897
717597056
717712566
717767217
717932022
717957459
718373074
718498966
718601363
718767411
719196871
719201371
719384831
719530983
719662947
719823061
719943038
720047651
720059168
720196068
720213247
720250477
720268578
720391019
720452660
720517022
720718942
720880832
720990086
721018861
721150379
721208561
721404700
721439417
721443839
721567066
721718527
721762511
721957145
721958620
722104179
722116285
722147980
722156662
722214305
722329046
722349156
722382286
722602250
722747944
722960454
723016560
723157428
723234679
723336216
723479298
723783354
723961203
724050601
724086790
724200777
724274627
724367795
724398832
724673173
724695884
724827770
724992003
725100932
725178664
725414399
725785860
725908997
726024148
726065541
726080826
726197505
726303562
726327786
726470051
726532500
726898951
726991748
727050232
727058569
727065658
727234216
727324502
727399920
727410819
727527553
727581727
727619725
727732944
727872191
728010207
728089142
728220869
728439531
728620089
728758221
728770317
728834965
728886625
729596456
729617428
729872964
729891494
729928802
729990532
730238222
730324084
730414622
730632961
730753265
730856484
730891839
730990144
731176249
731279437
731438502
731768019
732012448
732314056
732438752
732530512
732736998
733048732
733053525
733256545
733409512
733564564
733599768
733807713
734164367
734197676
734213474
734331080
734433592
734502706
734615393
734620317
734733391
734796940
734969808
735052342
735361357
735443967
735503953
735664356
735706369
735730555
735735463
735772251
736091410
736326847
736358206
736400718
736432700
736683821
736944116
737161377
737484491
737589538
737665699
737713459
737730724
737756533
738316818
738329467
738353783
738364961
738373081
738680121
738805359
738913252
739772291
739887568
740241877
740365150
740402173
740476640
740577515
740644621
740706650
740797715
740810704
740815933
740841024
741131245
741527496
741599238
741684953
741691772
741953765
741961501
742128707
742137111
742144731
742182455
742298697
742685739
742937199
743128929
743342330
743390901
743420124
743629835
743654788
743688485
743731179
743841709
744116616
744125718
744359969
744367478
744413660
744624316
744647101
744660541
744698023
744953048
745004240
745014869
745076973
745411464
745511227
745662342
745681041
745903173
746209272
746392754
746615108
746644078
746681333
746757771
746965345
746973668
747031940
747328553
747331290
747374727
748008458
748197884
748374830
748394943
748430836
748527247
748744640
748791808
748893503
748900071
749423546
749515172
749550621
749648718
749658645
749660728
749674730
749716905
749967298
749997329
750001256
750120892
750178995
750778807
750784227
750823954
751015261
751026384
751035126
751104899
751123218
752172667
752239223
752325460
752368201
752416794
752447445
752461340
752549314
752609646
752708340
752742813
752763754
752787200
752794719
752837572
752898754
752958946
753063342
753157257
753277568
753351046
753352304
753367308
753448714
753451332
753569597
753603277
753650696
753991207
754176211
754310568
754406795
754909799
754942960
755021591
755375512
755390143
755462105
755888048
755892996
756021522
756188371
756267433
756315386
756345744
756414156
756416756
756544871
756557701
756813218
756944491
757005437
757029079
757089078
757186689
757328652
757379417
757497860
757723588
757729194
757754411
758053832
758378764
758430020
758845073
759171709
759578490
760009458
760064661
760190561
760368657
760789543
760801039
760842538
760878104
761113426
761191601
761315473
761340352
761448830
761627630
761704349
761768419
761864281
762050649
762422811
762653414
762719688
762862245
762895262
762967780
763071472
763294159
763388366
763461901
763515723
763560150
763566410
763568924
763570972
763714646
763812260
763872393
763956895
763973984
763984353
764141201
764689582
764780470
764985833
764998325
765035590
765125392
765263520
765477626
765558948
765667408
765826523
766062043
766143102
766440227
766447003
766476658
766530304
766800083
766852461
766892737
766941279
767046849
767067704
767131321
767298475
767430523
767609150
767715495
768206035
768375934
768420040
768737723
768755319
768909283
769231541
769295889
769707522
769727611
769758437
769775849
769862385
770153895
770601008
770870478
770923423
771183138
771333827
771368274
772042697
772082404
772216295
772394953
773123721
773166223
773277503
773348574
774085249
774114416
774126501
774403675
774408683
774495875
774519128
774693863
774714738
774847901
774873027
774891333
774938084
774965881
774992375
775102160
775183995
775262746
775524206
775620292
775792564
775796702
775894870
776094878
776182495
776271213
776390998
776403418
776566825
776758644
776806655
776844588
776855583
776976214
777017819
777470885
777472214
777529989
777594797
777778056
777811171
777970855
778115118
778220719
778404009
778518459
778721317
778774084
778780382
778889521
778909028
778951668
778977626
779020446
779176303
779572392
779777740
779922287
779983904
780061135
780096798
780330063
780436783
780767086
780918600
781094128
781126901
781135562
781439425
781530361
781543207
781590004
781857182
781963581
782108125
782201040
782231602
782323141
782490201
782514648
783086479
783141171
783226915
783409049
783497082
783497748
783657004
783681487
783709033
783767002
783936604
784029056
784058160
784390458
784449748
784554241
784597384
784780227
784968703
784969801
784986709
784997667
785335272
785396154
785414658
785651820
785770311
785868715
786287412
786309470
786372243
786375154
786793086
787029349
787105643
787321709
787556459
787806320
787914918
788333756
788436553
788540728
788757251
788885741
788938349
789082788
789406103
789561871
789565635
789650791
789700272
789808126
790106167
790136991
790152660
790308731
790434831
790798395
790908931
791199758
791308149
791371146
791723222
791733225
791744385
792003830
792230300
792230591
792262675
792341161
792400210
792439979
792796029
792902455
792948418
793064378
793078805
793141093
793178420
793438869
793442461
793545075
793620414
793900008
794025411
794216530
794242866
794247182
794496441
794513678
794558265
794597167
794769256
794884453
794996230
795091445
795167413
795212548
795378750
795447677
795526268
795569702
795590474
795591118
795652746
795814366
795929623
796076512
796183396
796195381
796238513
796283382
796291435
796350134
796419160
796708074
796743848
796848476
796984242
797009406
797072086
797083178
797119847
797158272
797303111
797443149
797652684
797701167
797903901
797965098
797988261
798017188
798049707
798316424
798539625
798638630
798736028
798807059
798825974
799368132
799485033
799515607
799633871
799647519
800063458
800126794
800209815
800234003
800437813
800640324
800694066
800851457
800852368
800916785
801004522
801345115
801413134
801458220
801725305
801733975
801911575
801916731
801947787
802325387
802391698
802518416
803069790
803274010
803512592
803584270
803788509
803829147
803830054
803954654
804170620
804239527
804372458
804401783
804446112
804490921
804537203
804622920
804658453
805014753
805175756
805195010
805218448
805327385
805392582
805445521
805494474
805535803
805671391
805683785
806098296
806304021
806331261
806420182
806512686
806520563
806614336
806676195
806789404
806950354
807245803
807274107
807415330
807508333
807624324
808166071
808237597
808301739
808351790
808518523
808519646
808986589
809289330
809303158
809375143
809386913
809472719
809497393
809578393
809597507
809608040
810116225
810154611
810345515
810474842
810748368
810811251
811027714
811084205
811321569
811393798
811419179
811475503
811526525
811742218
811775539
811786021
812158889
812222955
812447516
812468924
812543571
812680270
812876919
812899185
813077580
813225887
813349816
813429321
813525048
813543023
813616919
813645000
813699752
813729518
813783014
813871972
813942811
813981138
814152097
814231023
814339904
814579305
814634310
814755327
815212620
815232119
815309024
815353436
815368761
815411304
815443467
815627797
815723002
815738132
815945509
815993967
816002569
816046468
816109544
816284690
816603431
816660326
816665937
817692589
817826030
818009715
818019456
818052854
818126055
818126569
818175140
818189123
818244647
818316617
818367511
818391989
818428029
818491555
818902950
819022609
819080481
819149596
819271781
819412733
819443193
819444950
819556381
819559108
819623206
819640307
819693259
819794247
820076158
820121609
820520621
820614905
820622666
820663984
820701370
820745775
820769149
821016390
821018582
821079701
821185731
821305672
821422487
821433635
821484275
821550817
821699396
821791221
822132816
822254614
822500605
822607127
822655946
822980205
823186490
823805028
823877808
824058988
824060553
824088208
824104014
824153763
824349744
824478808
824521940
824573702
824656347
824706556
824834445
824859532
824901101
824905025
825073209
825113443
825182267
825250987
825256304
825352902
825391810
825490353
825607291
825700810
825973934
826056307
826157144
826187298
826247008
826251730
826376443
826384171
826415343
826575314
826815013
826842906
827121567
827189497
827228545
827318175
827443184
827461366
827657080
827699305
827843584
827894474
828172393
828191774
828308909
828387801
828436091
828496361
828613693
828695711
828744016
828892478
829163592
829405927
829716737
829758842
830008842
830124439
830377351
830401627
830690835
831082526
831115427
831235291
831693076
831801665
831803048
831908594
832033203
832057623
832085337
832191382
832436570
832595473
832813714
832848195
833686128
833755426
834169748
834469293
834490533
834500246
834512234
834580875
834593403
834597519
834633149
834795887
834973661
835099844
835168944
835178057
835284455
835292908
835406608
835761474
835851834
835943422
836182203
836200499
836326265
836395630
836435707
836439318
837105315
837227194
837331598
837409387
837588620
837733891
838036827
838172486
838211102
838353813
838400006
838548887
838649376
838905073
839049067
839111420
839150460
839166017
839289341
839301381
839338210
839443962
839465404
839501978
839529394
839672842
839774887
839778448
839829398
839888622
840119591
840134710
840311293
840377257
840620804
840677059
840770500
840805435
840831656
840838778
841021086
841093724
841117872
841144293
841601144
841932683
841955888
842473741
842533735
842535512
842544764
842555789
842884690
842937426
843016528
843026170
843202485
843225684
843324549
843325879
843538898
843618791
843746031
843803002
843876387
844011218
844019186
844453185
844464137
844479663
844583904
845394078
845740473
845838294
845923923
846111713
846123584
846218063
846424037
846448813
846473842
846680348
846731971
846818493
847092078
847101169
847116760
847268427
847272890
847286667
847321381
847349817
847488617
847912592
847925955
847971464
848370992
848538139
848879210
848985563
849334485
849582077
849921634
849930805
850003567
850041243
850063312
850125960
850183005
850270105
850631376
850723040
851262618
851266335
851536326
851572373
851617842
851681203
851801354
851903555
852036231
852260527
852394008
852584429
852824253
852989117
852999898
853025966
853153508
853321358
853484194
853508320
853635180
853753749
853967978
854036986
854130319
854252656
854540964
854676233
854743534
854838183
855232700
855321462
855468547
855549604
855670366
856150218
856235386
856254478
856374117
856431849
856527533
856540281
856540477
856709106
856966888
857017845
857029033
857384646
857920099
858011920
858093692
858370208
858377356
858515933
858685363
858908592
858930212
858941180
859043936
859235862
859266846
859321807
859499554
859540802
859867062
859940961
859991643
860015304
860053589
860074834
860081446
860273476
860282868
860488140
860580186
860585518
860843627
861645001
861754414
861916524
861996899
862012272
862120319
862169677
862177412
862240378
862969977
863071375
863174291
863619186
863628059
863704311
863730605
863741089
863781819
863956142
863977006
864269414
864274729
864453220
864716320
865316186
865330179
865430030
865552415
865817209
865891128
865966670
865981031
866002173
866005813
866189645
866222056
866273654
866651866
866791520
866806916
866918073
866934015
866964970
867296402
867325456
867409740
867440234
867805520
867838067
867895781
867960635
868069650
868075546
868314909
868589193
868598490
868715473
868788734
869157870
869211790
869298112
869388801
869389940
869408596
869491315
869624632
869883950
869955178
870116554
870287560
870325418
870346253
870349296
870587683
870999728
871082984
871096052
871145445
871178128
871302675
871308604
871316811
871360909
871362017
871378133
871557293
871582191
871620892
871642201
871735324
871986264
872193971
872294374
872429620
872472393
872610494
872615331
872693158
872841546
872862871
872884313
873207320
873386485
873504353
873644350
873647670
873899473
873977637
874114642
874276754
874527447
874769071
875033062
875165557
875207563
875454660
875687870
875743457
876029179
876205136
876260695
876687783
876859292
876878842
877017030
877588507
877616037
877694404
877717943
877909167
878111427
878156180
878172918
878321536
878435777
878484288
878524430
878618448
878671232
878781669
878852134
878902535
879038862
879093999
879160612
879163408
879225605
879261315
879657986
879891698
879960310
880164662
880175676
880199912
880542952
880663236
880782650
880809421
880940546
880981622
881277451
881357188
881380556
881632586
881657642
881686999
881749221
881811041
881956060
881972603
882232231
882249541
882290111
882507693
882527901
882582149
883082461
883188680
883267996
883314449
883588413
883693355
883807229
883873584
883876032
883998408
884196827
884496308
884960185
885071945
885147492
885185738
885293265
885326468
885331388
885439995
885584694
885616052
885652916
885847138
885989148
886151488
886189378
886233093
886421556
886669098
886755572
886760328
886909663
887079607
887114610
887138808
887182446
887296195
887344678
887709926
887763842
887823641
887825383
888024946
888091049
888163316
888232188
888436814
888472494
888512879
888606372
888773110
889123418
889272642
889322249
889365584
889374586
889479744
889512149
889677685
889860947
889910952
889948503
890118234
890232153
890243928
890362914
890621174
890826489
890832247
890897825
891043957
891064984
891087331
891435130
891681873
891916394
892153490
892507294
892510418
892794840
892896798
893073429
893095353
893118407
893138922
893142277
893144386
893148689
893198333
893529808
893557355
893606855
893652331
893854639
893942207
894076019
894132995
894292343
894313048
894377145
894523392
894568767
894652081
894733616
894787270
895025576
895026044
895092752
895238126
895309027
895423630
895511787
895532934
895581749
895617991
895631519
895675930
895823356
895849436
895928468
895940028
896205082
896212182
896253253
896322125
896372517
896650923
896786102
896993916
896994902
897018179
897076936
897175163
897231258
897326230
897522396
897615031
897628809
897656876
897909166
897933800
898414618
898642023
898742257
899064973
899441738
899527088
899657157
899820766
900102427
900171021
900180263
900205387
900249422
900257624
900361176
900411451
900483139
900665179
900750383
900764667
900799841
900821965
900882631
900903024
901214012
901307743
901530146
901893456
901915554
902061883
902080748
902128381
902372714
902773715
902922041
902995309
903108442
903205670
903297543
903369987
903479405
903674928
903814979
903874760
904039567
904062105
904078177
904275865
904447166
904562633
904617244
904668795
904708784
904721941
904883580
905050256
905094873
905215306
905300118
905611694
905793620
905880151
906070713
906254399
906399450
906579828
906922385
906981995
907069550
907166245
907390833
907404813
907429443
907474998
907648538
907853823
908160280
908202852
908411733
908632634
909055339
909163900
909231552
909276166
909432821
909572943
909878042
909922318
909997695
910031532
910274797
910342238
910441768
910478018
910647846
910677380
910712176
910733654
910855460
911419718
911732424
911835789
911899357
911947157
912009962
912081611
912352534
912461865
912498776
912568465
912765080
912822356
913155345
913180025
913414181
913541806
913549578
913831834
914054582
914140150
914192405
914260862
914451095
914496281
914565000
914633932
914836903
914938617
914962198
915092339
915095024
915106077
915231029
915315043
915323718
915336751
915492987
915553155
915785265
915858077
915914166
916093625
916112419
916390396
916710241
917099447
917221055
917223420
917353906
917656078
917659529
917660380
917780421
917900391
918241786
918257907
918352715
918365172
918768905
918963808
918990479
918990587
919034621
919188952
919204827
919209078
919255939
919629519
919687016
919721097
919877349
920282019
920562031
920630652
920636295
920911015
921015113
921345465
921367099
921428935
921439174
921454121
921676888
921694070
921781470
921821518
921968814
922436171
922715831
923090711
923254454
923462895
923638786
923932639
924011973
924037048
924054508
924229930
924240519
924291258
924366347
924676211
924677168
924794663
924883154
924971482
925424307
925521844
925585151
925607611
925672077
925750907
925776463
925779720
925916563
925934614
925974119
926077703
926100070
926151350
926245645
926549661
926598716
926605865
926653544
926723246
926737968
926790155
926798967
926823038
926979980
927001764
927087143
927310956
927320891
927471903
927653140
927681356
927991148
928022330
928155097
928172794
928243763
928605611
928677312
928688036
928699106
928895913
928970356
929135070
929277269
929376167
929414958
929441158
929529919
929550617
929584792
930062785
930179117
930530123
930580943
930826241
930840211
930965766
931025410
931100794
931248306
931399539
931426763
931562814
931622808
931723751
931777348
931862453
931897255
932277333
932319647
932653668
932692993
932764302
932795997
932884637
933260670
933387491
933463198
933742683
933814504
933936551
934081554
934223267
934507651
934832465
935061734
935223177
935305243
935393496
935504760
935522210
935540313
935590022
935728339
935955232
935985424
935995298
936155074
936236132
936575325
936609964
936663439
936684617
936811246
936833734
936844536
936861199
937049142
937069434
937112218
937299382
937308995
937829578
938505199
938516213
938538579
938591330
938650330
938718955
938895658
938911004
938960773
938972438
939165413
939182730
939192798
939233310
939434934
939508151
939565615
939759507
939779639
939858853
939862781
939896503
939900933
939965017
940089515
940131907
940138107
940211570
940247040
940254364
940279206
940557090
940742609
940847570
940856108
940958072
941001761
941100277
941293996
941316962
941618104
941788152
941862015
941912613
941970886
942135695
942690180
942815718
942835144
942880430
943153745
943409670
943690071
943821177
943886931
944036359
944187412
944204902
944236536
944536658
944654465
944996355
945001969
945010714
945234046
945546471
945617801
945739961
945849520
946005141
946150274
946185170
946365795
946444068
946645499
946654432
947432264
947483627
947492324
947552404
947621325
947653287
947864501
948057108
948170241
948287267
948513251
948524250
948644034
948854203
948971772
949006923
949087843
949265754
949280535
949520786
949873556
949902499
949902813
950125293
950221245
950271041
950475111
950613697
950645548
950885800
950930392
950945281
951062521
951126542
951139412
951158381
951363192
951587762
951781323
951869323
951903698
951953369
952000556
952001753
952181038
952280577
952386689
952601288
952621417
952706874
952802338
952865632
952906391
953039062
953242940
953398530
953676026
953680572
953989191
954181558
954482086
954530750
954690385
955274194
955346933
955632952
955701863
955741257
955759641
955767939
955961350
955995034
956091689
956096807
956259390
956687713
956744788
956882916
957155499
957198872
957240459
957294313
957337076
957408937
957411618
957475671
957570026
957782642
957796415
957801747
957931923
957933399
957943310
958025815
958044572
958185459
958276119
958285880
958553606
958699011
958734953
958807965
958821082
958947337
959107702
959366519
959407565
959420268
959496745
959590519
959723756
959773065
960076254
960078156
960145753
960205630
960209823
960258301
960614526
960737034
960785515
960864518
960960449
961137269
961269616
961286538
961322610
961434838
961645785
961718887
961935377
961945558
962069922
962161037
962338322
962550142
962574769
962807919
962833161
963101177
963148356
963179230
963373872
963490629
963560522
963651730
963692131
963826207
963889627
963896965
964018167
964036264
964089596
964143797
964255613
964316476
964822941
964884421
964999487
965247139
965265861
965362052
965565832
965619042
965812139
965940832
966284778
966355420
966497650
966660172
966700650
966702734
967041474
967078505
967251294
967413490
967686520
967716560
968305827
968352151
968763257
969003425
969068337
969098878
969122913
969136325
969306544
969456511
969586783
970106973
970236971
970662878
970669638
970767323
970811767
970898879
970963867
971025093
971082638
971145514
971218925
971460711
971552863
971772621
971843933
971926478
972087877
972090502
972262702
972463145
972549521
972687545
972929392
972985691
973053982
973364016
973549202
973718072
973773300
973796711
973873033
973985626
974053233
974132176
974167544
974840693
974919338
974920968
974943148
974978749
975073205
975180408
975216868
975220068
975231136
975342977
975459879
975471064
975939429
976160312
976249351
976287451
976798004
976836122
976847498
976860650
976941854
976975627
976976084
977069741
977227020
977713115
977796403
977867289
978152187
978190821
978269258
978428195
978634237
978690092
978761657
978876407
979126836
979327811
979335807
979424920
979580381
979628005
979748848
979847697
979889291
980030481
980049106
980062637
980168402
980247828
980314104
980326937
980335643
980345143
980584045
980706074
980765127
980934813
980943586
981106500
981379119
981464203
981510768
981652663
981696923
981739224
981760545
981769121
981790433
981836725
981947731
982036433
982159891
982185365
982284122
982292180
982418806
982428733
982620938
982762013
982847355
982856123
982882568
983639304
983658579
983751675
983769692
984052192
984087630
984425144
984452144
984465810
984573345
984842067
985072688
985079909
985096216
985351261
985670715
985676985
985717342
985911566
985950816
985959548
986008308
986111111
986133599
986295679
986486394
986647729
986652107
986655557
986748214
987235524
987275041
987532937
987836754
987929893
988016465
988018449
988251973
988252416
988313699
988461874
988647429
989120453
989120979
989478420
989563935
989704469
989789990
989889325
990050495
990405347
990414902
990627966
990793408
991192112
991251806
991458322
991520393
991534221
991590114
991666965
991760602
991891848
992248184
992326649
992389886
992431536
992438730
992563040
992577977
992600793
992691403
992913682
992946804
993154687
993189023
993212429
993286890
993336911
993349559
993605065
993607094
993891412
994090154
994116304
994126479
994378394
994505459
994533304
994942301
995030470
995482915
995531767
995574771
995710742
995877507
996320445
996341384
996762701
996794506
996797994
996902150
997051825
997342498
997739113
997980926
998479384
998506290
998511714
998513319
998741664
998825390
999098173
999105806
999149652
999372810
999422383
999436280
999743193
999744386
999819433
999888772
999998581
