995030470
689788298
989563935
312296482
737756533
661209665
220361259
128832621
848985563
975459879
275799711
554294002
69058288
581173369
299869935
580962749
927653140
505169190
839774887
660890498
16821754
2595451
623523820
105167692
875454660
492211275
437973150
105600370
179971325
897175163
897933800
26422696
155082721
14596764
254481985
357608295
706711070
858377356
99350041
522492987
190985700
7330446
332308544
204082842
730891839
338421188
228839030
390169575
979748848
321543495
721718527
279749155
538408681
953242940
45396911
763560150
336173377
507195360
44542007
672185281
474540026
907390833
240707237
469392962
271137555
642579208
786287412
369124463
957294313
981464203
651381160
895631519
406500341
935393496
806789404
188406437
774495875
838353813
190486082
628471053
189897502
716264199
540612766
80509580
197964497
885616052
750823954
306724386
895928468
356544471
893148689
665209006
789700272
55118382
753352304
480579438
190353526
15355389
976249351
453688734
862240378
395890854
610636618
388693406
689785729
397625987
674772795
184149818
39073289
301109473
696580370
112110556
698652137
542630393
46636711
276953035
860015304
163632384
10757317
385639672
678010534
272481645
453998085
470473480
763294159
377302379
412514658
818052854
166004160
840838778
734433592
500098280
698700362
962833161
360098659
358495425
920562031
88753256
525557044
449600026
785770311
314234569
936236132
588860876
36863596
940856108
481893641
495556429
730856484
979889291
611200625
118328091
41393792
349429681
871316811
485450988
554697676
815353436
519060558
555573867
540999656
857920099
298591515
889677685
727619725
51652430
930530123
69111227
532353370
623642154
637643595
245169978
204795359
943153745
513563285
362417994
552396811
440918648
290509534
917099447
202075236
525323422
984573345
260505129
650183284
661608417
919188952
590541550
134004954
181194454
384631464
851681203
790106167
627334868
165573439
440447373
910441768
800851457
413119722
936575325
165305696
558938099
624056281
376317169
742937199
157693356
614727242
493838360
878618448
630772971
281508084
787321709
834580875
401957915
701643914
428224046
766062043
559302151
394750345
836439318
285866779
827121567
206691486
548894544
347676995
51287987
110354532
269439414
522148024
647960140
984452144
762050649
3794143
869408596
589480854
284853970
595117936
799368132
828387801
752837572
260704798
292895202
321623883
943409670
873207320
122437746
978428195
875207563
241237267
443881559
103000627
486550891
478713543
982284122
657939460
786793086
376020701
477288855
797988261
778115118
907069550
572005189
714893214
794216530
421717053
947653287
673181278
293876238
182198255
658882464
672211231
749716905
850041243
75648818
685563617
384136877
410890825
486356260
255971891
389925993
949902499
268614076
892153490
337331118
963560522
427366595
405285080
536680063
218354724
188837455
395710978
269690865
720718942
697790397
456748440
307621029
761448830
464955203
971145514
939565615
341312690
589242900
886669098
713711025
878484288
561826125
710093918
652643855
17128548
206436101
733409512
98792447
664638129
845838294
896372517
679758526
365596614
491529809
676069505
97934540
308375826
121988347
598390713
834597519
351700022
805175756
238177291
177074838
808351790
673104458
77805657
44957608
888472494
658506129
632090992
124093782
238749520
955767939
7201839
95506269
396501935
640993667
110614589
678835735
928688036
243439727
354750261
888163316
990627966
126778968
103654306
365987164
28806374
343657377
880542952
748430836
207156991
447252711
391063008
294255893
603002876
533705119
447706047
184892988
539960946
866791520
835406608
324299684
243748944
282474593
120588687
577930810
401829833
727058569
776758644
805327385
231498157
838905073
432177616
964255613
655683103
280776457
373638038
474539490
279357861
691575970
127591315
591776094
118225945
87173093
522333658
342957398
471024399
549762964
442546444
734197676
393499741
410853892
377237689
158604383
87739072
618671114
164961216
811526525
710806311
248406529
4721376
50343021
154273549
40607560
439127165
435203580
903874760
724992003
97593882
28145603
752898754
476720459
673528615
404089464
738364961
425021068
591064722
199227129
364445453
644872158
893095353
419582120
675185431
323089248
412653922
431356532
512044090
895532934
345863959
217226295
368459627
596679885
956091689
805014753
274682504
662163085
755462105
45034299
709494304
55787150
15736064
338965769
423010205
991590114
620438097
150397829
69100833
974919338
272055244
10938308
218149057
978690092
280676945
552703561
521056422
470386239
709767148
218088544
452958437
921821518
418289031
322260042
251239661
783709033
645799842
179570335
432766819
953680572
48560477
449719427
958699011
229720559
71117443
401398544
324384122
90393667
244862369
527159286
339230658
779020446
441601506
460830101
649323253
878156180
565792006
636480017
211427850
768737723
1099980
318517329
97532601
558641309
304420626
647305169
526548550
33085207
208740636
939192798
678960374
267381230
690442473
774938084
46737819
205866614
981652663
380690657
306048332
76633644
804401783
77113531
628432710
89207436
961137269
803829147
439008771
920630652
309260577
169185554
198123049
998513319
599392744
646401045
37839492
104112140
79044559
912822356
660159455
646761936
562193426
716454632
398545235
797072086
580676623
165034510
168682690
976976084
809386913
672342804
286552332
535948469
423556240
982292180
591833020
693682554
736400718
18160775
521944175
13189536
270517953
422027330
739887568
577475639
179084720
528703644
123339879
674771832
399820116
384210445
46163421
293076868
989789990
393200728
509847950
967041474
685203067
459361944
377018656
400969566
757029079
501282584
216859845
893529808
580146116
783497082
37476400
800126794
724367795
254821419
211024318
727399920
824905025
77321493
326920349
502191253
180978210
637152976
262147877
840805435
592821504
385340574
558963126
619182210
17757141
795447677
313720300
183453497
824521940
241591075
287186888
403247566
991666965
518834143
925585151
954482086
123332763
154381255
879261315
502699862
436056594
874276754
511131765
198690166
669178954
255855002
915323718
85886786
348702144
482851846
386554411
651329894
813645000
770153895
284764730
992438730
548845164
702361459
157746552
507511966
270938578
86022606
406714553
615678588
196280852
945849520
648972187
438695488
544069839
578547787
865981031
309304253
590610682
98956862
29651215
756416756
596387003
604203770
981379119
320736431
664280342
641303574
88857009
940254364
470284177
632631019
893118407
508732661
395743578
957796415
657753763
517708368
365855640
420006602
941001761
353586608
930179117
56272009
650280996
7659763
124037197
199351126
441906933
436711113
563127646
834795887
751123218
358662546
130342732
475137791
159058080
865430030
628322365
498781913
616001173
756188371
469690243
275978511
945010714
871082984
46791102
856540477
900750383
626883083
814231023
441326879
61337917
721439417
488375363
858620
250587124
473575391
351465230
962807919
291333405
900205387
479043454
162257469
142155921
634868259
371929570
777017819
292607263
895092752
271838983
778780382
514019214
762719688
672305074
232603450
270896258
882527901
887825383
788938349
911419718
357158781
497177043
575717374
985670715
932764302
709106781
336667531
480716337
995482915
713277395
138987998
172147298
747031940
778404009
654798867
915092339
174338670
976836122
266429067
47558300
488335902
203988300
595286437
480230228
999819433
665821915
851536326
273637395
141177438
161192253
865966670
559596730
123764320
723961203
414535302
86600731
265156702
394280493
871620892
811419179
643971637
720880832
700569658
132352785
645720196
15867732
222234385
293033044
693082321
617662083
866651866
535664780
887709926
69424597
967413490
495836717
301708940
447613747
628348636
267444258
674559872
613439461
774992375
614144941
171351898
250452062
661669916
759171709
693109746
832848195
281321807
144117076
299273208
872693158
766530304
666405320
38389445
387917216
215455032
23432935
518751396
26562526
839338210
375536021
940279206
772394953
902922041
937829578
740797715
916093625
352623235
436456206
152182353
46225414
17533970
448931349
470024241
965565832
28683576
11463675
701920761
427751922
843324549
995574771
936663439
973053982
578084329
703565242
117401735
209130861
299923970
65771677
711578153
374216140
9675843
77434999
431287755
107985944
40396662
253294543
418846152
289591591
620470556
270979049
86735779
752742813
9661192
752325460
852584429
147702204
848370992
183128755
32828098
706865140
897076936
33409348
671957847
988461874
165310658
380897745
880199912
64240653
222587356
132833901
959107702
667891213
189170514
709987196
413409706
247605061
942135695
618540678
23945184
790798395
318246915
25159894
497764853
609991281
125883313
319667449
462328556
474344945
183509642
68547425
606445317
17471472
761864281
602377180
51636056
590994682
203235186
590355312
713648296
600192597
985079909
758378764
337388987
528144125
386840537
895617991
567819765
728089142
821550817
424594489
886233093
794769256
654197779
472064811
885584694
847101169
20663070
464866234
135220156
997051825
841932683
568794082
555798035
187224384
133480555
895238126
694221423
622733130
316208102
827461366
533333442
756813218
604099215
411869695
692797654
767131321
166480681
132810657
304767176
580975772
145738227
183086738
14159253
341150557
430344673
929584792
795378750
27151402
714183126
778220719
200795948
863071375
467669475
664377904
286007570
497760921
703361634
320096558
746681333
549517912
199638101
477208403
885071945
17019621
389838678
155340477
46288968
769707522
953676026
381086944
619843580
847092078
650986440
429306947
299810054
635499002
912498776
903205670
367898113
847268427
717932022
742685739
689525712
39487552
19453867
1435389
819271781
117762508
500488870
609673110
228249587
821422487
587332226
157759000
740810704
78458028
23598106
206061140
859867062
726991748
536812598
666161291
765477626
366481877
535370601
45883538
66864632
910712176
107075626
413706152
366966576
587629547
910478018
808519646
715911495
106398764
678004349
780061135
488979539
181372888
66989377
641444371
457146257
860580186
505237353
868788734
564576585
910647846
166313665
472308737
720196068
55159442
698810183
484822866
993891412
303912993
535475726
81548489
252575377
312639540
519933384
531837343
175481887
105186636
718498966
29279689
869388801
202883075
482641319
928895913
674802586
794597167
757328652
672977960
971025093
935985424
392445399
650807060
573623181
568984047
197757918
282844529
55025516
321374362
760368657
833755426
957943310
51013825
309535286
173691886
815993967
49274615
486685496
829758842
328312969
714483405
276495154
237651585
949280535
792230591
583625266
697586137
597520676
837227194
846424037
136217999
35947781
41766721
404053306
361436204
297881789
905880151
977867289
400248544
961935377
644075468
468223386
390532343
36268145
967078505
104591175
913831834
458745310
812222955
574290856
375464665
29447847
610076702
215786767
15582472
900882631
186539395
289662555
23630261
357755173
896994902
658111486
433518097
873899473
264994470
461630255
818019456
568532426
707769476
434386005
231106391
629762432
180384122
765667408
826251730
767067704
793064378
202793761
881686999
350507924
559630581
607607532
468786880
138373987
87213309
654056390
791733225
713942890
238872147
103655482
453853915
157538128
927471903
404730573
750120892
347382113
36992585
193867077
766941279
948287267
114467705
207923991
53891288
828613693
796195381
53086720
359585005
774873027
788540728
627464541
438365792
110151176
697948018
331174461
317781599
633027491
591301122
237309726
910677380
841144293
755892996
415855907
838400006
537251767
549508220
69240028
558328974
675153692
443200419
265776940
180847683
81660084
15092537
376965327
245585925
578107201
314547801
225107298
703936032
392632072
499768068
467329409
408410672
358554647
218559664
52473155
819412733
447753640
375559754
996320445
612634140
134424109
576846852
765263520
187747389
963651730
760789543
805195010
503265358
194602957
792341161
487798129
28449178
940138107
935305243
248443859
802391698
40344053
349733382
761191601
794513678
507746511
869389940
900411451
734213474
528420747
420844761
43875536
752239223
398496882
461662616
66685006
71112521
30976669
553244199
291447032
319933629
311720051
639812442
70274096
518257191
187032337
869157870
601367196
755021591
762862245
900249422
763388366
537628421
581280374
879038862
281114396
86870515
715756819
195770863
210322979
506481109
583762707
450971083
69357957
521597142
190906290
601308954
511144786
653155696
667678755
344097907
141200796
421870437
22620546
671223173
667267723
390187437
199435730
601017278
883873584
601283464
197749534
806512686
818391989
568766484
755888048
302806063
519633962
399659479
507331603
598533219
972087877
797009406
925916563
803788509
827228545
726327786
744660541
692221199
37424222
431104162
704934941
797443149
296100411
387002035
652434488
179554883
317546411
940847570
228776361
19297472
66836327
945546471
282432527
351112232
826157144
835168944
35412039
544127934
134959215
169204147
637757598
554596975
370773425
861996899
360565749
971843933
507755713
272203265
986008308
634486771
353221747
569813797
93012176
647004092
268943806
638706762
798807059
189987296
107737970
147527387
709945254
306262841
682227950
2352296
456083156
362894036
51946160
988647429
51164795
807274107
344449249
409370312
159946262
491251346
586788304
913541806
43966993
543645432
744647101
564925069
555597580
126487583
854130319
958734953
729928802
967716560
342871459
618742846
598697766
413355857
133810436
201783485
304398588
380540192
500327989
551294398
878852134
692844202
960960449
534571060
560122726
1634293
13347067
224509011
395653182
920636295
878172918
774519128
349857533
818189123
461055214
363942391
859235862
931562814
507721791
505774660
226646594
58470293
845740473
175945050
774891333
671028799
436283730
637170083
821791221
183441372
458061993
192546037
42926523
518392820
422965168
611160801
375021286
80322235
321407742
919687016
763461901
882232231
826247008
589667618
40668826
524745515
482380134
584369865
722214305
819640307
200951885
885652916
526436716
371284701
811742218
809303158
313529154
239232364
245525296
870346253
285594320
747374727
529851463
278422496
254180495
820622666
264654
82819818
673789694
392622393
734331080
951781323
78279570
40683790
296171883
106756478
902372714
324482194
448035150
637605485
191498107
306252855
85914432
600575887
851801354
572240632
476900641
708996454
112780004
452904494
599831328
627381260
29049175
795929623
641210875
820769149
745903173
878781669
10888171
429900183
396394152
620043240
153010926
180753491
607871781
377296566
398138044
36089734
44988731
999998581
132019762
336428453
758845073
408649155
445001550
544054506
568075655
461074819
641556616
372934664
795814366
914962198
555379840
790308731
159282532
290120885
199497765
831115427
918241786
134126126
176207836
673590065
226923415
364372108
148159063
215783645
54198126
78718092
492354272
708293270
682187440
278766945
495656408
670144897
342425626
766440227
969068337
834469293
710161706
740841024
969456511
479565964
563489651
468917265
528156836
481626157
303739565
641530671
852394008
591731345
343786309
395509292
499026564
964884421
690442425
420555407
625718540
192123219
69876497
409684000
375039244
618862480
368805553
981760545
830008842
834512234
573734070
322502327
393021409
423381092
635120965
539527136
461893212
182795195
54780366
692877707
797652684
729891494
147726742
155379090
595016525
147197210
6112676
144764070
394059956
187563166
142705021
631546305
494299430
927087143
463856218
585255892
673961406
116020097
149207042
505533478
666942980
283748974
820520621
562001310
475107989
377121459
416954111
815368761
895940028
754310568
815309024
993349559
643818603
565362210
342883134
99441344
58840776
282925407
63691510
170643297
232092025
649966109
617550331
785414658
440880030
12797491
976798004
623921156
581524174
584902629
520011251
741961501
576995540
520212863
227399122
595613607
243820588
189985381
529949158
191846164
537823522
524606282
479361560
836182203
396264328
577617591
876859292
528178060
321121816
350102296
410558459
714601448
643661312
311069515
675882902
236915254
9059277
83143394
798539625
258314172
67346520
149855438
862177412
706301008
999744386
954530750
588751622
166748924
777811171
588831506
821484275
260914434
230266760
426824280
812543571
773123721
123505672
887296195
488461844
843803002
728770317
546182829
934507651
91885764
554284524
487763817
293650793
776976214
904883580
931399539
771333827
659236046
218833014
588114091
16810641
246278013
364805669
670815277
198624537
375755338
615032935
75897574
508218544
725908997
332113820
705557284
320908056
809472719
771368274
955632952
749648718
112460224
684989116
21839639
679437593
319472632
482845329
34553418
854036986
936861199
320425937
379068289
577574367
56719422
382247097
810811251
604967785
397901611
114671656
336422728
336026022
188795859
336133179
418734828
468185871
877694404
137960267
285625315
425539035
471988488
676819199
598898659
69742166
597578019
404951516
798638630
87695421
51937650
137859145
205517369
367728434
875687870
819556381
260660734
901893456
911899357
914192405
592252378
310388269
879960310
663272044
986748214
58627961
997342498
449235322
412374761
252989288
976975627
641831008
314767187
277377291
445515085
839529394
636777211
399690073
579166407
186873476
989704469
645807142
161019577
994378394
62422894
213624315
322589417
589388286
504550183
742298697
547654412
42864580
255663131
200715087
225339530
371680416
33148427
856540281
16359670
356110453
559408961
288527625
698480977
75804809
173717445
484486852
784780227
220937
498942055
200767340
889123418
298172219
154692881
24837887
869624632
333075919
338760687
253763790
955346933
813942811
592726125
866189645
179687952
569590037
458634731
603049551
855549604
568998009
949902813
22252274
528856179
540216178
75940550
600432364
816002569
722147980
28714530
714592177
338420746
561381510
628629822
367210510
263429366
853508320
715715742
307032851
405452720
560691305
377323411
959420268
895823356
226965615
156372326
200976641
553567151
373003113
821185731
16865928
889272642
839301381
78989651
377787054
783409049
101333052
836326265
259879840
696186495
65208717
962161037
672439956
328424579
216256670
262027174
553180854
963889627
586236442
183612973
450805174
277001905
665162984
722104179
461876547
394867934
732530512
136460850
857029033
159324977
510043998
704619967
770601008
20373753
558178754
454883506
194961770
126589208
307651179
880782650
123599739
302243978
612821864
15982275
735772251
267812443
305123400
72061550
858685363
750778807
104748749
158928321
370600299
515859822
892794840
214336628
727527553
952621417
82168250
36994946
748791808
202311112
127715426
445855848
386759871
92010484
513920866
971926478
88593037
155974465
109374308
262904452
815945509
666300680
944036359
448156544
214882726
488184623
866806916
976160312
859940961
97494504
545345725
310686868
224270117
798736028
119587603
944996355
863704311
290954870
283241359
65067592
867296402
191271893
214947444
402415744
173456486
457860191
805392582
713357352
792796029
234332873
408126147
391027956
938911004
799485033
66314278
551359269
510735182
912081611
730753265
393975159
771183138
502746522
939759507
311532500
274907545
939182730
695447780
482051324
923932639
621518905
371201253
858930212
233787158
677742711
614224924
664232519
25282028
584213011
611645031
19142352
41492860
441034988
205968576
754406795
706813225
532059691
127312802
24745545
892896798
660943648
764780470
131248120
539975088
322559882
97823992
889365584
813729518
18183746
585937273
263472663
295152445
605931698
322972970
629378050
790434831
16342889
234442694
698803783
731438502
88086608
877616037
375408181
405366150
240025721
568242759
930965766
618996728
265716029
159524099
82083352
401333267
356423471
648145427
536551216
340749995
425107969
821016390
97938334
825113443
750784227
164044138
217878901
201505149
534199440
170923544
95059478
534387397
210103876
456400576
128236120
985676985
352093688
246011316
923254454
427949401
568388402
809578393
35908170
206572312
674284425
465264118
981769121
370557052
476173341
714241542
100337448
23597306
95017252
665829546
98226356
181460709
406020564
891064984
797158272
594390792
965247139
147871183
7736664
658399594
68643537
29549373
638608006
645375557
182368339
745511227
271898436
1602572
502460297
52749795
658544671
824060553
949087843
576733484
574893677
632460087
181691712
277004250
871362017
513337206
306282336
514604627
539423800
351532484
893854639
93789710
867838067
904039567
171931742
644210282
350283919
651419847
985911566
346614378
993607094
4949669
370232946
180451613
322787593
582880739
105701772
339105749
37867186
512614215
574185583
814755327
575116543
252395954
980062637
897326230
765826523
6331271
574035175
541223291
364250135
634734706
993336911
502890654
839289341
14277309
292391889
721404700
647799665
593805262
827189497
212543807
623017464
430745427
536352972
449007388
488146975
295274100
962069922
629472777
999149652
762967780
535986932
447627176
395773913
66190077
426205350
163058274
615085819
871302675
664922450
239073460
286946008
108000606
166564538
613929541
647348410
572787173
673936665
220380223
727324502
887823641
1658
427946009
465909589
344605912
16752088
356763594
276257201
60910895
773348574
162908347
399930072
477073964
266395794
490434337
681138174
475883186
421036908
903297543
309796084
716630009
662140113
909922318
36092314
12616129
265746296
813699752
385108840
783767002
980168402
145964349
172948040
32791266
196194085
91011880
413217519
283909381
303806099
933463198
88345784
290042758
54290398
615905670
722349156
314270161
563572385
426494731
883876032
265601859
684044581
304007271
346547219
870287560
350294407
375765359
530116735
686414053
38571206
601729401
854838183
193079025
357893452
298611503
427423834
103832564
704001189
971460711
669082731
300869721
9589120
818367511
532115961
55530687
6463834
391742693
764689582
703539406
373062800
791199758
414238353
626449184
263762071
134746233
207445447
319935435
537179405
465719549
116012405
886151488
316464402
42972986
147554990
602605311
309031913
434967670
234810111
638470216
318798606
476937094
718373074
634965527
319651144
8360478
892510418
364548448
855670366
670488377
789565635
221168755
376801214
702534035
10935896
971218925
432422517
480458512
819080481
489737796
145035052
597731717
102035472
101966270
389837083
87963205
824834445
535694089
82637566
919629519
195833745
537315229
252091895
65076981
23125633
717512897
961718887
150845679
907404813
557879594
641464566
186994686
343945958
78500052
831235291
75108826
125491476
54033426
324501309
958025815
110571305
853025966
849921634
724398832
462314006
452840434
347559351
422286038
161525930
917780421
638935520
68351550
746757771
700904020
390131336
528693529
319150587
640121639
81548563
544603740
114164633
907429443
252982516
172386747
327391279
921439174
989478420
602528331
891916394
703137563
265008452
912009962
982847355
783936604
446152983
164240760
550690278
294519098
726197505
351972119
279672523
782231602
750178995
470715033
820745775
349353349
695727150
819149596
502096604
135271216
686738583
835761474
542287222
630947603
494438467
664802746
959590519
682128676
83117624
293611083
795167413
683373379
440878521
579385401
573250349
205154610
655164262
507987794
437514834
592186656
212376074
706999973
168578256
973773300
931897255
832595473
264140528
921454121
285589941
452818321
6649939
486263885
943886931
459358969
809597507
193893687
924291258
649827092
315810318
754176211
973796711
632797211
741691772
986295679
1780368
796743848
23682903
761627630
517149813
868075546
556868777
35634259
533627565
987929893
411555808
259757862
299249626
571902625
457865132
591292000
280954937
416600100
481779802
21373603
555922390
785335272
831908594
741131245
672747914
737589538
479427820
331730132
926823038
833686128
30165755
669642150
354485660
869211790
924054508
199206008
239499833
577010704
397279896
130301878
503093318
680097428
377322463
858370208
572470382
565659673
366942294
951587762
644027526
341770056
342656679
88004768
393758367
735052342
219726988
6746428
738329467
192243580
670778503
425874327
753063342
688228488
73258498
111520327
851572373
61502450
292230966
960614526
939896503
994533304
41607174
532970452
908632634
813981138
133153479
800694066
721958620
443816622
870999728
950613697
863956142
422889838
423832994
284643551
543399049
118887472
175481665
401870690
890232153
733048732
166412713
372055460
535536069
297624179
976287451
212293347
48516740
176951775
482953007
519523372
165475122
571966461
250908598
467726409
522713031
871145445
318491333
117047710
801413134
812158889
986133599
499943827
403580662
352572851
816109544
782490201
167930033
317502727
86520943
405331270
344299315
889910952
943690071
598950062
840831656
76581449
987532937
22058797
368640533
729617428
663382661
820663984
565085827
449667303
36802250
370097894
826056307
345716301
274953950
542097070
241175481
986655557
929277269
301610924
786375154
628040372
950475111
531080659
326260206
461453553
857017845
556048972
698205666
106636659
635465322
84545488
476069114
791723222
941970886
977713115
524839417
315249910
90204258
186051546
164288941
562129466
397595878
612662502
702406602
100687087
683348596
124434026
442041456
482092760
953989191
919721097
1382414
265073502
303916977
894787270
50500493
152767763
53705961
279065492
774126501
906254399
698600443
269217884
298854039
308629049
986652107
466624301
928243763
859043936
364508799
615329045
516113013
714890327
763956895
294963386
331467813
275038855
914140150
973873033
998741664
272373026
680406884
81444266
186119582
933814504
885439995
335529421
982159891
312878510
663151559
84820947
409039224
703381205
521339934
529484838
688751802
895849436
21301738
756944491
581762665
586952920
557564485
979847697
834169748
253235540
666964837
735735463
838548887
55031382
519968476
864716320
418386986
423690824
634593476
90184186
828436091
117216359
321691708
360572028
840377257
111305296
584270979
185896589
484799012
303395514
21708647
215180938
648935695
114920743
41523922
87261471
355135868
41124073
429315943
536925248
984465810
732736998
498594497
877909167
656252457
952001753
180502599
261306648
783141171
783086479
254950990
134461427
423738381
825490353
832436570
352148609
46907047
781963581
769862385
512464853
999743193
474103321
475630728
939862781
778721317
763570972
107284676
53997287
276584528
699583562
774847901
113476040
974943148
706345568
707605424
667770378
611475284
119815445
906399450
644046330
209815532
697979491
518871017
245691182
493080100
980247828
865330179
510053276
313538528
871642201
274592815
950885800
128544994
695310282
452377886
563812468
578475104
858941180
31211320
332387420
880164662
756345744
160991512
373457543
475238793
215177401
756414156
539941903
596862948
314797697
313234572
680402909
250710020
760190561
847925955
918963808
843225684
475644841
631651739
469510123
715598241
224651296
514097217
660398627
156844260
433848539
698017269
950645548
452579427
195614701
419087224
445736369
77175393
200186587
91650383
672511883
450270383
76816285
974840693
979580381
325521684
475270801
118727570
882507693
678718514
716286863
482559411
917900391
734969808
63159767
274087220
696162029
285495845
367565384
239103716
873647670
540898
590159106
982856123
469150069
806676195
296882952
956882916
917659529
776844588
314096918
579755800
872429620
564548960
520631502
291988660
72147571
169772761
19954919
464996138
701666321
868598490
103327158
935522210
584865801
183194024
890118234
633858759
96983290
714317385
113459306
439882993
635058800
155666562
818902950
400411920
350826605
649314328
894652081
106681179
638450098
310618223
408596811
301383302
495764182
379028216
902773715
194161489
595883222
77954426
162455820
776390998
670309218
820121609
952601288
55359590
924229930
101759168
702546424
317636677
163235184
614979032
355699564
78008771
196908723
809608040
119165524
74218710
488517848
37731704
670213787
251699395
972929392
36711996
821433635
808301739
560659273
84441963
331953645
733256545
7084592
960258301
231436130
412417979
242313998
824088208
509223078
41511732
280075414
200727248
947432264
379162855
704873163
373459453
162077481
457666558
911835789
586359018
950930392
329300235
506177945
992577977
799515607
431131
392533348
173970486
420613802
116103297
925672077
349707245
580918193
52580364
752794719
314499123
936609964
585224920
616091324
640689508
639834351
335621656
165439264
294067529
46997824
916710241
263745527
382523215
635906976
467229238
611771979
74390234
844019186
772216295
323556318
745681041
105040098
927310956
281077131
317529085
781126901
569250955
295752366
97634184
728886625
40742926
422621788
804658453
814152097
369948413
753603277
453264375
522494951
637880359
342964022
925974119
497015596
795091445
581213908
98650011
528101075
19576936
942880430
477981980
799633871
427667042
290314200
348187866
752172667
449770927
235182871
350967534
925424307
1771009
399529265
216546797
760801039
728758221
941862015
572285466
336845217
579347591
931862453
138753433
505394699
545020749
216271190
559933346
519375823
86666113
56934246
335733540
307074981
871735324
803830054
329700897
67043146
940089515
918768905
846218063
305718674
938505199
872884313
17834953
744367478
692855298
325368940
781857182
261618704
459608506
980345143
912461865
882290111
172877091
766800083
566849518
831801665
334216003
374563439
845394078
819022609
194391805
659480952
531545878
37435695
774714738
732438752
659287311
684258427
273173102
100039409
557839962
447613374
980049106
978190821
416239547
575658675
946185170
955274194
910274797
155810795
785651820
432781948
870349296
340079280
669632078
913155345
968352151
549362072
850723040
231593278
601163828
314505401
7065413
698372594
520696335
433344717
36237473
241576391
9497639
237796634
859266846
510964216
230225125
746615108
419023501
717353732
317060597
800063458
324644282
90200247
953398530
581470684
120218320
880940546
76894970
313896698
362794226
299323900
476021648
97125199
704923625
737161377
201790550
824706556
974053233
938591330
301176730
172527471
706860518
487296220
926549661
267325405
677298578
853321358
174759699
317488158
292854404
641326579
702318964
915336751
909997695
744698023
812680270
276504309
604115436
404865711
721443839
859321807
258810541
349061335
97834870
741527496
927991148
835284455
202152449
404687330
144442499
32385175
354225755
321698669
427645757
216978319
958044572
975073205
681616453
850125960
522053688
743841709
138303371
809497393
100020982
533846243
720213247
327758306
378344920
887182446
821018582
781590004
218759011
195297511
294745147
980934813
93746771
117292359
441283825
302412090
523730792
749423546
524774043
988016465
670805795
600992847
970669638
974167544
121358961
827318175
380176095
589584433
738316818
175139323
603922932
560508790
176815477
544333240
764141201
453013055
655596385
724086790
21468459
594906315
523523403
338690161
784390458
936811246
915858077
47395995
509367558
130922084
641835552
853153508
304235855
860843627
971082638
680584232
140261505
854676233
46750146
611279379
661902660
916112419
63144131
803274010
964999487
781135562
331469872
182488891
454065905
670698758
775796702
792439979
679370620
154533937
46102209
566392789
966284778
804490921
752461340
538092925
909276166
961269616
422980493
893557355
745004240
408276029
972549521
528997018
294768114
813429321
334944645
237304238
509229292
930826241
883588413
144126524
924883154
54330926
808166071
120779077
248921788
200844529
427694600
285737418
858515933
905050256
204334879
197776798
295930858
861754414
529868682
885326468
231287070
856374117
46432624
625087870
377515936
337076526
433525021
224182422
887344678
914260862
645403925
359047590
898414618
110983411
276371597
775183995
728220869
816660326
54683364
932884637
669036667
989889325
342509736
769727611
743629835
153222820
225151077
709229173
428997073
114759075
90688804
320166567
869955178
659478053
952181038
926598716
510464227
663281112
20767894
681264945
900903024
419986804
563309769
49352828
322745910
420534814
591298305
88693364
272736189
133971773
451154150
925779720
9444647
607781119
105734614
612891739
3173023
998506290
878524430
26430885
527612161
914633932
75387449
908160280
513161461
367456263
362561268
624815212
662265792
486878043
131189759
156812038
853635180
34712384
398239917
779906
407673561
85559888
363359137
549903459
126881849
889512149
437937883
879225605
269153913
336652043
136362922
874527447
740476640
964089596
254642007
881657642
602067258
572211089
814634310
106694030
991891848
927320891
457055465
122012521
26205768
484098322
743420124
835292908
179388421
439573675
6613549
178320116
354712909
563747130
340907507
505983584
117024537
979424920
805494474
607328415
748900071
854540964
727581727
42557511
704330308
177466038
672269028
549695466
968305827
192515250
707146406
477537656
689726782
90128030
52867726
909878042
811084205
282957337
525755788
21053753
717957459
702940497
644141895
262608802
906981995
643032213
482032689
339859293
866002173
262278576
261384594
268640322
533347717
870325418
992691403
568885805
327026925
360592960
889479744
631515857
456472769
872610494
701728141
631254299
292184370
707831854
912568465
446208405
552976974
748374830
960078156
992600793
712487763
425477567
377586893
312220853
874769071
643426822
353571326
946645499
960205630
438462013
440784319
447634680
565263857
587412434
158610680
627310603
532948421
751015261
315541617
227176617
50483529
421151051
964036264
964822941
336201510
700603263
653270731
728620089
49135720
210781426
643857721
384948738
525979559
276955498
581055248
518135258
118235249
856527533
241945923
213869064
995877507
214920711
112768138
722116285
596723720
382323668
243302558
74230329
713573510
570570150
348098934
67662470
345392320
643475069
139827266
8363226
14839099
932277333
14187191
928699106
420598424
917223420
633244953
201690040
11962036
602466935
291326673
889374586
468150054
424908441
202853318
83510853
400158050
78739311
280878411
501965837
518377805
511859814
836435707
532731190
45118586
725414399
54850856
516536133
266404900
442450767
683813717
325277465
900361176
796848476
138660862
736326847
42909220
944654465
524412582
885185738
284879279
441571273
575431058
639779171
248077219
926790155
166749430
320207412
132137054
779983904
527640021
895025576
589109143
111684931
569646395
220440649
905611694
886189378
882582149
625794926
713211017
17792216
444196260
663546663
444344965
104842253
656470651
340087954
873644350
465617032
261805781
784597384
905215306
267072483
837409387
627960270
949520786
327540989
30270179
391542061
286870504
726532500
738353783
550417915
402232297
991520393
824349744
624872066
761113426
389479333
950221245
696232105
829405927
726303562
827699305
280630584
77388512
983769692
34154865
614677468
682158794
79057518
332204272
839672842
429787688
471242463
26249635
883807229
251460316
588720437
775524206
743342330
665958314
538623331
761768419
471962927
136430942
303603332
255567071
324980153
457462638
476246554
633800463
295370147
155178959
28660970
660958285
935540313
257687321
713242740
350218762
657220282
159071782
167929634
489503812
734796940
863730605
800640324
190130113
78789830
90213583
179370670
708059337
779176303
67585285
425224046
862169677
303348580
32339133
603644022
658930477
126646720
746209272
247950020
522129583
672452314
54829452
396196974
565547426
84099027
678619568
265821017
975342977
957240459
269136723
290540526
839778448
715665533
625570276
393818470
326701709
147988749
523272628
470983623
4888994
373615761
218492844
705690237
860081446
801947787
404232439
442765431
347689393
242995513
227743244
102662514
577283765
140348865
537546173
477670400
720391019
310802085
169881494
818316617
865817209
553063688
827657080
935955232
944204902
587619616
709562425
694650240
772042697
209172749
536741979
719943038
445662617
895581749
107854499
767298475
504703306
33692304
232238419
860273476
815232119
674416880
393901790
804239527
367892010
148850657
917660380
133738878
81932764
107260830
244104328
762653414
249733223
679747722
742128707
587279550
332236726
526033405
435601141
580921107
956259390
541288836
145504775
172798949
293319975
388667518
457137418
598463985
888773110
753448714
921015113
1978511
795569702
354076920
338925245
551698719
409189138
703803794
345274436
551950415
935504760
825607291
929529919
104049539
749660728
983658579
44020344
540109588
92676652
903369987
622578327
257388841
292271076
111309954
736091410
883082461
793438869
217006486
792230300
431304347
98593150
493308911
446889004
264601924
353798580
640744969
720059168
884960185
237843894
535750584
784968703
693869579
985959548
513479464
617521486
270072000
239643295
138774608
618251395
160940818
839465404
277836114
288502810
970236971
784986709
406225584
686374685
113315940
736432700
66812960
450879569
562838131
302782480
558823066
561676697
610714113
928022330
273235496
908411733
680628262
41106060
856431849
849930805
778518459
991760602
476140021
807415330
160124442
926245645
626868445
166526063
161212588
840311293
480044775
205615340
367739917
789406103
680076764
875165557
903479405
490492402
999105806
615198311
645268608
24279628
239527228
86505397
842533735
486248406
788885741
718601363
5208297
643902260
752447445
206409014
322705211
310588530
214738559
439313163
990405347
89822280
877017030
531444330
90463711
253437217
151425840
873504353
303920531
229530825
406258152
828191774
409931595
273222101
560921311
971772621
690641072
382955262
394506071
228236124
7206056
431038025
595956413
369216414
140882126
209867026
669328340
14884924
153151735
734502706
205862149
721567066
52365112
235523351
964143797
462323816
916390396
832813714
386235872
214778947
598666982
524449280
760009458
132856828
596542783
478675972
963896965
289227930
756557701
472389022
646440197
17724632
548617674
349753359
365759075
888512879
483086811
811393798
122556909
36181735
228577700
351603271
793078805
952000556
712014694
551278367
569044856
409714357
457379581
686252366
699821486
903814979
385807770
43794512
661958847
526367192
349382321
233147101
505747842
357127468
44482366
928970356
358416973
193183692
249991013
425995462
116696285
698919407
642732439
822254614
38031179
944536658
623959879
574179883
515936756
463652048
878671232
668478066
819444950
406758348
574553314
985950816
914565000
269412955
506977775
396072360
806420182
684329231
287064558
690949635
223065071
312521762
73872154
930580943
582118000
14239419
885989148
599006312
301320752
292393174
371322763
645207509
867805520
287428457
614937290
57152092
73241335
639261537
461103600
82652111
643995938
299310082
253380745
702710098
19904242
680008644
538413722
682870986
374554441
271289745
534101096
607365315
851262618
575959250
353189652
637045477
515438910
514348065
890826489
559657622
525919165
659018055
315608642
879163408
535872616
968763257
537928561
360257689
668227707
368776511
399361979
868314909
264183857
930062785
58959517
159335373
376943947
141303704
458795361
107383862
223535451
161103914
757379417
448422741
720250477
453753399
624584516
193988258
842884690
132411947
361967741
147491595
189438814
690317613
492953966
676056570
808518523
710618247
175958486
168174338
128754779
537243815
429373053
87225575
341171495
620704644
817692589
591677602
388080007
25730464
250836678
797965098
515418827
344417612
492742750
719196871
15754313
787105643
578705074
862120319
137050719
570032608
115700395
511388135
780096798
741953765
190780505
592603330
824656347
836395630
775894870
19961525
594793548
719662947
648243353
693530658
129392964
70411243
485289872
410821017
388511956
766852461
802518416
75263564
984087630
697256022
286154343
149042018
893144386
933936551
355007991
793442461
286332504
149390041
946365795
276566684
333811299
5179920
745076973
311752996
568762607
423228602
856150218
909055339
675678566
384121343
638629818
915095024
941788152
406326721
289531657
648289108
554932245
251380698
9387469
678990664
640198105
184167812
701230076
523089284
248075543
334859510
684932724
524951129
424670589
3625021
145759745
617037139
785396154
45614266
768375934
973718072
319166973
804622920
917353906
746644078
969586783
894568767
470287902
812447516
844453185
586946304
837588620
778889521
840677059
331975112
644554958
354285621
981790433
605707314
972090502
776806655
138045488
448672025
661198249
314838520
547157310
965265861
777472214
948513251
270796606
301267107
795212548
134133410
915914166
684739294
2108083
378710090
49843994
33411584
737730724
900171021
87276720
703072172
904078177
638649917
909572943
69031708
822500605
590198728
661054155
212588320
963148356
252002663
283705199
393417692
839888622
993189023
965812139
144122152
824104014
478590007
956687713
774408683
994942301
825250987
366037411
11734243
73501533
926605865
652223480
426169832
851266335
748394943
658014751
688805643
4639895
200113078
285119161
513605957
901214012
676640354
490919391
867960635
672746282
506734995
169252494
61726715
85244638
399277591
746973668
846473842
183145095
714826988
30707839
155646568
56962471
947864501
879657986
554811048
26510296
437779902
606824994
69011463
415768432
219031504
966355420
883188680
321427514
203809375
363367643
104959818
476911098
578507381
199444476
825182267
427961814
599009014
378693977
500567634
16834403
828496361
937049142
19999133
671829440
894292343
101261661
969136325
386146729
757089078
39749669
404020093
407103666
477435606
880663236
34746534
603840340
774403675
691417894
430682634
629422951
998511714
834973661
271776529
440506968
890243928
3313130
491262900
428495513
561293146
411420561
662736848
100706585
794025411
32075104
973549202
627856933
938718955
92094587
385052040
70829488
684917750
936684617
9994310
877717943
701487941
853967978
250199414
706539805
960209823
509944336
409777852
932319647
569728105
958285880
406677280
899657157
377217855
459168739
79363330
564720758
907474998
171358278
230457688
723157428
868069650
512529074
224977974
410927243
502979465
97615698
333878673
266014978
991458322
561172727
682897750
938895658
36036833
159703850
401839640
601843591
753451332
604893041
165883949
202537627
301975834
206611662
481505536
504617711
710692947
36977503
610638681
900257624
284078824
15275675
731279437
871308604
716067105
952386689
124169255
539466232
402358195
427019232
313994005
668158973
640954631
499683332
268611681
904562633
715225630
982620938
274895571
163772079
987235524
14598808
735706369
895511787
138201114
155958032
749674730
588284367
558205688
407153273
565336690
300348718
973985626
622770411
354529110
275037598
832057623
779922287
983639304
928155097
128978834
619477487
71269396
239639182
777594797
503958642
425188860
135399424
646609759
154321304
460604181
843538898
679182508
182636101
305242355
743128929
612824335
155878992
538488821
813783014
623162515
351423829
42435210
883267996
273340211
24805440
885847138
642783616
442664390
493375157
315140410
769231541
64236046
489586019
225131203
821699396
35714404
402501954
665176806
81627565
571956958
547371440
289671119
667895437
695334744
165432285
71401458
245169096
501396388
658585919
715155180
663926323
632164135
624960301
129013386
163994751
957782642
322672738
373310698
329941163
657507059
935223177
590113704
10316869
871582191
275598973
214659585
800209815
94659739
309693927
633307484
42896288
620180776
484592695
150956855
972687545
534405858
342298102
412664877
5033275
547094645
36172434
452927611
383077450
932692993
16906073
225631347
459429467
439952692
875033062
310380360
259508163
495764939
110885394
813077580
271583208
850063312
595837522
915106077
677189530
44627602
83316656
603622737
151551304
827443184
628015980
604031175
251023976
367646229
261878721
860074834
341826947
706605739
847286667
10700113
540903816
802325387
781543207
467757005
116478964
395175522
931777348
209843151
471347513
537678189
163460424
924366347
550571384
969098878
148063444
650234369
356769028
214799629
370208225
507904035
5753272
382144263
442364400
388175308
602828623
67247636
158268685
896212182
565277170
27725200
979126836
112700462
140609742
793900008
660274532
590937744
360962476
389469164
837331598
931426763
141364647
227507564
267355907
186175644
163756965
838172486
543703330
312357241
363379385
399700640
453924385
881811041
302162204
591946886
301797253
839150460
288185995
225800992
955701863
153239630
777778056
329471315
374473253
145361817
645219355
950125293
794996230
670023294
768420040
488923089
3602995
806950354
893142277
549575839
372878840
716727662
888436814
894132995
884196827
337553219
529651989
645795344
242784466
683703832
116753662
576980346
664522135
445280960
12246241
161637321
842473741
664481941
704871824
107540983
524360168
625868470
266668562
165235998
90754154
146066154
60194596
583793128
617579912
35072672
766476658
502286546
740577515
95821046
485959729
245118965
54481786
724827770
830377351
695797233
858908592
988018449
811321569
672867523
585315330
954181558
427808671
325673040
815411304
298277802
456121552
654716849
814339904
890832247
326308670
59176642
815443467
191698602
904062105
620186242
484073498
526133608
729596456
935061734
42705557
196321666
350217907
198039869
800234003
136308373
270274492
427438656
489316358
428140480
699050391
54034323
843202485
3446557
318287850
239011530
124148119
518321554
878111427
175314746
193131116
405998296
238957824
208962394
468474451
197581816
357907742
986486394
88642250
225722153
880809421
184865965
753157257
695231866
45640157
759578490
590315336
141297870
609133650
813525048
71506007
268151080
391485376
838036827
469671515
854252656
35893044
923638786
990414902
601922850
243696676
641668542
453538551
605379469
914054582
688855128
126219350
839443962
226540213
924011973
810116225
172078952
681248495
213963850
412491570
209040252
152939761
223739746
952706874
753650696
693390310
165845090
647733118
723479298
22885854
521046070
726470051
978269258
230239482
53329648
435132961
635360485
241748991
835178057
360327771
64969871
47971840
591359302
396461659
470765494
253564323
273615643
706934408
464192661
773277503
341634337
761340352
275852208
866222056
640158672
179700848
765035590
594722322
377528711
710719939
105344663
86918272
406475892
505701230
325176996
778774084
645054298
8847829
149039859
554218435
362137313
344606096
129109371
562490640
144158960
439716261
633821111
106980370
643459490
430474207
614208931
157206418
39087236
191913898
651877495
580668909
628898341
452224327
246407873
334033394
430674551
451203855
700691032
146369542
361627760
609073019
738373081
215954141
895309027
200099773
496106146
915315043
723234679
351104212
255588059
811786021
102284434
748527247
29406852
489779372
213493072
307001151
350340937
637832004
927001764
951363192
426338753
42082091
638536496
946150274
188092212
407524621
189886878
517542232
900821965
902995309
243300809
578234460
635503067
534519903
82818438
542062491
783226915
448927129
849582077
736358206
65972872
712466773
921428935
828308909
959723756
246834404
454424553
128085097
743688485
510422151
212824433
412877130
409816081
607213097
157690508
105143292
372544836
309480289
735443967
646158506
652118397
921968814
805671391
801911575
918352715
278633787
262062139
241236011
866273654
271842999
130394273
915553155
515902498
958821082
862012272
972262702
866005813
741599238
15035793
615458752
540103757
34134818
652513522
910342238
243063652
114881406
839829398
763515723
157944358
874114642
335931939
511522399
105643099
74565201
224250709
542313748
305673483
534830498
985096216
346746972
675546357
20662818
586204951
448198414
259481786
669019399
920911015
939434934
145161845
106664632
520915483
71011664
999422383
730632961
206428566
551749370
776855583
546219764
947552404
586938888
518486157
843746031
848879210
163212836
116116307
202432903
479141709
114204958
354305737
991192112
181159042
540122538
193839619
493016212
665498885
931025410
622148127
436595988
445557137
825973934
684799303
145453548
671192349
351078889
512517202
33410964
715608895
746392754
224498106
846111713
230569013
34439775
531096677
721208561
216215024
455831912
401443057
566266624
140774948
133681662
919204827
401104980
7897634
245328174
600654283
94488803
245293003
297752306
500279749
434924005
457000336
963490629
542403975
324617155
235667887
35096530
917221055
703386106
304443590
735664356
800437813
618295203
780767086
992563040
871378133
527521135
677034005
320641341
588953347
690543300
843325879
101775360
112785271
706422032
831082526
459960140
603769662
631686092
973364016
554751469
753351046
725100932
169157266
698875338
23772557
711875055
212983264
904617244
464001134
588159905
850270105
909231552
115330198
579300989
904447166
272656175
742144731
847116760
132754224
298260408
867325456
944236536
399651835
554884603
40748840
431477539
58703294
672417188
949265754
58244257
610304493
744116616
904708784
960864518
340119389
725785860
444758415
47541928
786309470
91150598
436928766
55714874
387181660
950271041
79345819
83625393
735730555
191221799
455734185
194917467
355835004
752416794
282306252
871096052
786372243
414140182
871178128
21443543
594003234
31268652
424527211
180010190
607003614
444960678
881749221
839166017
199197159
982185365
631620415
197278890
541178169
604542761
805445521
227928491
790152660
119126270
600074350
938650330
910733654
314451534
238714338
930840211
589734388
424072363
415955406
944187412
79441776
370747660
140240534
784969801
314862170
711209633
90076176
314884880
890362914
32452706
329880586
551672251
808986589
38800124
249863546
55838666
633767471
959366519
476390889
364796977
8717713
129466799
793620414
180137154
389220443
631966670
970963867
247297693
532591322
680887709
298423330
766892737
655266169
129653802
84958761
125217328
900799841
926737968
129125329
669433682
180415843
811027714
481328278
869491315
813871972
151935758
511233711
631428434
898742257
166619507
614316311
877588507
961322610
85215761
118151482
267018345
976847498
24898195
35251070
438558673
302700533
546443386
910031532
236394795
518073199
282055366
606258998
634516746
475688968
214538621
975216868
267006970
340204356
144161268
452112335
469148709
465228973
110258780
451777928
980030481
130547456
479764286
923090711
62628378
385465950
970662878
870587683
796419160
770870478
120767736
488484807
783657004
186803435
121121898
663777887
148228906
169721039
776182495
852036231
461251522
590522821
295637903
291491908
323149741
17804155
316301657
39264517
561067176
701259565
506619359
639460662
825256304
317114023
381769901
669299355
123226293
584868319
632539743
722382286
694454670
370906598
379647820
650714922
98928059
837733891
640994624
900665179
957933399
425455161
365955631
404757522
327350714
342463135
274086600
915785265
468634049
111320150
894377145
17434374
962338322
119555121
755390143
740402173
410030146
317819209
94635390
162352592
201494000
503932737
151898709
657183061
456218037
763714646
337880279
71816218
455505010
761315473
133725239
581484524
138435222
693078533
972985691
843876387
855468547
640932408
792400210
839111420
7157545
59374017
213302307
108430966
257668513
270334945
6323914
576325774
182647695
856235386
818009715
110192102
448174706
343511786
860585518
137185031
646517959
20622630
809289330
365001682
342012881
939900933
479626342
46329895
831693076
415715936
294955674
765558948
81440089
645038014
992946804
403793333
772082404
268958776
399105857
964316476
312372823
187010641
200101436
386721457
237170268
640280432
718767411
283925941
289435299
582433450
261101841
700018295
632432999
183137614
632662754
365253726
823186490
872294374
561477189
711432241
175556103
546959700
823805028
41067324
638499969
635319948
758053832
807508333
992913682
190002138
824573702
198422504
454534331
951953369
144584584
847488617
656656861
955995034
766447003
506583840
321570248
219814711
101707381
584843086
545373997
306077690
712867975
979327811
626724494
662829446
721018861
524950404
957801747
662362303
489183686
957198872
981696923
189805739
419435419
378275557
367938394
290092155
167057963
86829276
981510768
301012408
978634237
720047651
588779114
448078787
847349817
706262728
539432803
64182834
333816492
358266385
254589053
487929671
975180408
284453936
391857712
12292591
455882891
947492324
186143197
805218448
180669139
262315240
193392576
656791889
142451055
542919619
355788187
143380813
514618587
980335643
677279562
825700810
988251973
485542950
995531767
200493941
687593402
432198299
296588902
717159982
781094128
535365368
116556894
20536763
302388235
975220068
941912613
369955300
19055973
880175676
887763842
846448813
172183907
686369062
970811767
343001679
202584902
476233686
189850060
898642023
482119769
500841166
635045569
448419824
844464137
39554284
45476945
103933289
784029056
291396484
346113629
969003425
769295889
890897825
271415632
702847686
10150158
1551585
740365150
673593402
505032047
388253558
813349816
45047643
782514648
749515172
852999898
539047357
964018167
425484086
805535803
86915339
348961433
459865845
181488813
51553745
459027183
312711685
481205406
906579828
936155074
229835566
444249585
361252488
356104916
203737101
896650923
540749658
994090154
220504973
351908997
993212429
618663951
719823061
945001969
70337656
663519848
499455059
558562120
477189653
256651575
155503074
438316280
412899029
733564564
961645785
934081554
80501914
818126055
797083178
866918073
688753486
780436783
293200694
722960454
879160612
550794380
70567392
970767323
559006460
410464165
818126569
283657218
543271047
283604898
435085106
933260670
203149432
828695711
128352628
506827787
25866327
20713276
990050495
80822505
822607127
692249600
477242138
598924613
388125276
899820766
324376177
378801068
40355247
566274382
102706962
897628809
474064295
986111111
160437495
551115963
172965457
216611858
455497964
871557293
727065658
906922385
600943936
583548801
6434572
806098296
95021359
876205136
803954654
54927375
167395110
517143317
1514407
527810171
310331477
252550653
655937877
384241839
283203026
100373053
178714967
272563040
366424879
539729091
44848643
837105315
441395123
123829105
452196844
897231258
32365318
221993339
460128488
545317446
574143908
79307594
235902466
562629154
500876208
236027499
447019710
512229193
734733391
64531673
691568399
84973043
709689610
218215662
42509097
544809863
696666311
905094873
753569597
385822888
702938078
202025960
651012056
419145030
210430736
847272890
589614824
91530910
720990086
660391063
599487586
535434907
323686395
801004522
566852090
411885775
507000579
226505385
287686355
324899897
643877182
703948356
431335474
584700035
62034431
956096807
420466637
512045486
46253796
248753810
823877808
471424363
110844856
93741467
755375512
407873253
683780560
796238513
429244316
580012762
941293996
272985657
787556459
767430523
481060066
889948503
649949143
724050601
965940832
923462895
329208364
538851432
931248306
674258275
807624324
206484959
919255939
341636458
351467069
487041146
231233705
745014869
957411618
20923884
184087426
18932580
38447520
362531342
987836754
893198333
522159144
816603431
221406411
353212909
513403587
608856416
315231817
231529817
582263727
31198509
327626150
407858813
824859532
475594292
106169407
103886501
25617552
812468924
413860745
138992606
981836725
611131700
809375143
463475732
195964387
704340378
571013525
816665937
921781470
108288488
250685497
309348640
212046116
776403418
118721081
662941002
316913857
580666485
428517570
308453997
489319421
894733616
106891489
512052011
719530983
269443629
128899994
667818541
830401627
311874815
319551986
422664945
75252011
1882786
958553606
306277426
192346641
218987107
548206702
349479430
926979980
567013143
419043243
634102149
720452660
427996387
179528899
691682711
940247040
202911207
934832465
948524250
958807965
257820144
391679503
671807554
405164574
72808667
76275102
401169653
520010068
560005321
104776357
351038504
665003998
511198958
741684953
187223603
106884294
4960301
715792891
975231136
821079701
825073209
279030239
787914918
656370948
233293644
896205082
796708074
116530133
606989791
125695409
236423843
592579071
444572404
123880806
886755572
174501886
496917643
979628005
607397399
376086281
245505059
550368865
453998940
912765080
455602764
730990144
212034193
323877389
219589561
447379719
222913187
842544764
318276220
893606855
181237956
168307550
795590474
460220649
414804277
215972936
593685123
8400821
561515119
529146614
738680121
435798521
273945870
940557090
223814718
338118398
578699369
557841201
248355259
228600011
423887561
715481773
170213058
389738418
418195137
15616905
826815013
951869323
834490533
659768179
399856066
278618649
263260265
194908099
543404698
520187439
196253068
635511877
885147492
571500646
273594023
904275865
250812381
789082788
182247419
213960576
386083190
671270080
153548431
447355054
891681873
467945700
491083239
140258457
720268578
301813145
234043330
820076158
436667277
592783088
794496441
221654409
708548265
189710640
694048312
798316424
816046468
111057924
269337765
387716110
245931536
90934547
822655946
59279086
670772130
852260527
908202852
56540952
490177260
506695576
728834965
202089675
854743534
470275738
373681912
296488201
326354573
409318866
194138349
440560307
125032571
929135070
443231286
863781819
474436130
401208634
653293294
50304368
187892174
432688473
791744385
714786767
881357188
551361213
625524929
253377224
387228216
382661452
66664267
131346937
205391031
545003813
926151350
623284322
431677556
587045954
258619783
491810120
553817725
951158381
159583297
612570020
288820054
443335564
767046849
642660044
220788519
699774321
597657544
934223267
650215320
451242754
441717224
847321381
495585334
610131444
806520563
463036387
723016560
494147791
132135753
553647517
808237597
852824253
567194356
709272831
694585100
878321536
708923679
408731853
463990750
848538139
653072314
372197686
170267567
659374637
188155893
227264560
125850501
556554548
526755653
726065541
601850875
954690385
119402496
529713814
176493742
249378153
76082184
382202716
149686406
566462453
890621174
596216891
844011218
612782706
804446112
308203041
845923923
207110031
70583431
363336230
83858595
915231029
198815420
501453809
963373872
832033203
16011703
793178420
782323141
662141677
229247422
926077703
918990587
536958283
132759197
538432586
338238604
410597183
439415208
70419322
716473939
567938701
960785515
152036736
5222019
162361570
863174291
633459051
25613121
218822577
577875881
297431214
282397748
375267338
25237544
980326937
840134710
353142537
212827827
83143065
567859058
613491908
266833924
362414703
167201078
236642652
160045489
197447616
511447260
751035126
700820463
694602150
304414020
338759704
164892160
557081743
22745686
133731305
234991010
551870780
744624316
405582924
369546478
215788795
571130668
647317697
126145464
526511188
359353940
476481790
107595600
209494790
625395421
10032829
352241936
20139721
40294405
138552244
206011925
400704207
692143391
591625450
974978749
640192878
913549578
182658493
334172640
726024148
282237572
438222650
724200777
27370643
485627018
176171141
139170830
763568924
17034744
573416162
120995011
436094610
151558831
159358448
966702734
52342416
336158378
789561871
681492191
476974140
842937426
249201242
173311058
928677312
471213164
846731971
101483960
671295150
303635887
194752131
449342065
572568109
246877112
294624105
289578783
812899185
322852712
713586192
92626560
559569033
397042609
471679015
511965743
909163900
119628353
282440714
269017266
810154611
10522909
740815933
980584045
13873242
487077435
783497748
949006923
121491872
312928596
699190077
26534596
206960595
948854203
436990560
336201260
666574519
705854309
985717342
381261497
443250976
734164367
794884453
177608759
850183005
242478825
356455186
924037048
736683821
658094250
639219364
801725305
193839342
244595069
147553809
346507479
921676888
236448214
804170620
612095607
148849234
620337899
593271390
813543023
963826207
776271213
807245803
903674928
149005523
736944116
453641644
498800791
342356259
876878842
926100070
694847053
499360652
371016778
782201040
810748368
498243889
801916731
119887909
780330063
693814506
433694018
30077270
380355857
264464809
780918600
354706423
412902312
295320551
872472393
853753749
488169149
567469471
609105049
965362052
790908931
466975379
889322249
464762191
386164225
188356409
777529989
222391322
798049707
25661990
418382545
896253253
456833043
163646088
142085401
659057364
596580556
867440234
476936617
860053589
191993685
504862602
306151500
331698012
903108442
664150894
603147799
168489730
970898879
161050413
841601144
652291809
625536600
333135906
656439026
639764412
332589461
589842843
276714637
132138267
818244647
594721333
355450411
142616492
321011725
524688457
641138307
997980926
638733212
421460441
928172794
373566695
747328553
298698662
20842099
312665385
227834508
684682807
139195908
595646919
231519265
900764667
180238468
514888921
622710145
891435130
621276185
306546441
521322646
147860520
498701647
29657916
738805359
342610246
164060588
711208796
869298112
390145468
615276146
820614905
945739961
453767731
893652331
943821177
374824401
336793662
29982045
202733746
142029899
354977196
798825974
850003567
813225887
477486245
642869046
561102154
426172428
559397888
462880191
13546271
417119416
454935357
768909283
447263432
604932284
511992567
433118399
35331207
660496709
422567913
342110009
36193075
548044262
564109469
260471238
279793255
876687783
871986264
11682463
776566825
252518166
887114610
336505003
647359239
115267837
748008458
789650791
817826030
167974535
659878457
306027405
444061757
730324084
937112218
852989117
545155845
426383160
194824543
428464054
584593582
818175140
997739113
798017188
460192169
6757232
325036127
860282868
18002304
829716737
24565464
873977637
271079085
573777316
469170623
549603194
644019100
435895835
621899147
459648999
737484491
402816758
571038546
967686520
438481314
763812260
883693355
35515003
739772291
623930803
9722472
509217534
454314239
178043304
152517113
884496308
468883618
844583904
776094878
432168513
561876001
777470885
451100681
719384831
132453350
302675299
784449748
195032558
31144406
688119620
941316962
135874245
766143102
449946709
549094672
635722138
897522396
588181800
322175840
582890559
319256356
214981598
200742268
508268845
194505467
94977898
940742609
669401751
856709106
366399562
573941361
488335347
434824081
716629796
900102427
593812202
996762701
449328936
60038452
737665699
598449668
660665639
387744404
113270746
83881453
830124439
897909166
248879554
757005437
665507027
428314326
777970855
887138808
250920442
448357928
10576150
200971931
548805305
913414181
617124767
242275116
435816827
521825780
512459412
920282019
685118466
70506285
171224289
603359054
412602404
35847080
567932134
569572403
342740776
971552863
413283576
194667645
453671575
723783354
729872964
694871297
226878967
203319965
468864888
350843122
582639033
252408906
843016528
717058603
359938661
463152871
774085249
727732944
815738132
181390561
251115764
789808126
484217773
29063999
924677168
734615393
555978433
42518127
992389886
974132176
385576689
503919310
590213825
760842538
186855890
633596984
347344447
512148159
716001132
183582710
284944104
344312677
356230963
661837296
800916785
387538018
859991643
294220106
34634164
68687143
618069903
406585787
508219928
143991875
597385554
765125392
630838318
543789389
331537254
993605065
198108498
878925
667073657
506449906
717160312
678200698
509637517
244475690
531818516
183935486
839049067
198422405
619928122
237398645
832191382
863741089
519509851
408996863
333326051
666785191
231987944
338466497
290295454
523359824
376858336
154808039
287760528
359784272
733599768
545616779
203428114
295851584
867895781
740706650
505621036
841093724
228116174
235398564
520021786
143661991
800852368
479289919
752958946
463372302
364313972
735361357
635472163
796283382
858093692
601527327
840119591
136249197
48842017
313278146
812876919
191190562
30312525
498231646
421758952
727410819
885293265
842535512
345656091
148058818
906070713
686566738
248687648
112350034
612907963
107935604
10538067
846818493
70310993
819443193
116619783
132909312
588532337
516237014
483990066
792948418
99793463
722602250
925750907
753277568
664909560
273590580
50767683
423027666
539781787
822132816
492495029
248933542
727234216
65996313
316661211
269362210
463205500
682618927
439838328
851617842
179028927
556782764
133126515
978152187
862969977
258921858
485422333
102912098
573931485
331840294
127103453
941618104
410971389
631529390
427052111
953039062
500405968
349322346
216466998
617383743
70098326
900483139
729990532
947621325
764985833
279330051
595308082
95473978
744953048
385298861
380340917
463474661
235422245
242057692
460171144
601265573
286566013
693962178
985072688
824478808
345248966
946005141
939858853
870116554
375903096
37868886
909432821
312795970
951139412
565216132
39195903
162641835
260865524
252885152
706635823
594245868
638280764
901307743
924240519
357680161
152916732
520450637
568416586
156406450
839501978
982418806
328972038
974920968
658680890
361759441
221772144
395159285
584102361
346348459
572410005
994505459
385377748
592554462
797119847
244219143
806331261
23910414
30648125
938538579
344712050
826842906
190558849
427757266
415511548
936833734
552881397
999888772
75902766
255648094
927681356
959773065
254418515
644593542
620356940
895423630
126019212
557702439
633313856
405563976
573282884
540746613
396650017
700534301
356304227
935590022
760878104
881972603
657889047
947483627
991534221
951903698
690122780
189148976
453442925
6712384
904668795
515093352
540286550
185477093
895675930
1486757
375433477
51228527
188969527
907166245
211615288
114414200
128936171
425643523
774965881
828744016
674000094
111242353
888091049
692702662
980706074
904721941
278287680
351792171
730238222
29331627
754942960
819559108
536843822
282524564
975939429
910855460
872862871
356213363
761704349
688824207
989120979
415429032
191382100
126815371
50456942
224533048
214806648
307988814
384806638
951126542
570720713
905300118
598294925
717712566
834593403
649961915
484812536
811775539
180146033
332176590
399240333
860488140
749967298
425165566
763872393
612928142
399055014
612425405
651946747
631942208
189292438
707816810
266043425
689324829
75763226
556355125
936844536
91574907
733807713
956744788
677211827
32181964
248335825
449901762
40007670
451624407
866934015
657765407
418119018
915492987
819794247
553512923
872193971
119342738
270954554
609243789
296213506
41208158
647485634
10407195
601005848
549527435
517309876
545038674
185436446
901530146
397767090
206176846
14791464
94368562
253252618
318830417
899064973
707446928
573699106
301528738
879093999
49950010
546029526
460947062
696998618
644516373
356589197
448009701
278948115
199610761
723336216
869883950
36779656
754909799
935995298
40831425
713327867
333389250
32941854
612240302
324320630
385198555
894313048
385048179
878902535
483140503
266385198
316526189
959496745
530348777
192063322
825391810
617214561
493676921
634003918
557177987
197083205
80465343
859540802
827894474
569531112
475722924
673439331
645477851
568126591
206972704
781439425
743731179
745662342
958185459
258246542
587845085
832085337
534844389
389817334
113375622
979335807
8097815
646717905
796076512
861645001
446085569
5712991
881632586
351159315
167433586
58112503
601865034
551616710
268614594
788757251
492656751
157215730
699477155
795526268
7699604
752609646
291049157
247007708
781530361
883998408
828172393
388110387
396406833
207883161
969122913
966700650
394448687
16313894
390835586
587954037
416675006
529040353
938960773
437623795
105452194
959407565
539955490
753991207
547334950
367523342
982428733
289322958
762422811
431877636
587331054
863619186
496110410
727050232
218793565
479068649
826575314
825352902
596650817
540319478
719201371
926653544
835099844
216748104
531218573
116535419
365960208
977227020
402218883
498515901
546252309
530124089
595224058
370415490
732012448
120728265
914451095
260012195
966660172
891087331
254806454
841955888
747331290
819693259
523941105
230473954
550033801
214800508
315075229
672743317
907853823
707434647
379895897
390890213
775102160
241785455
866964970
197075872
214707140
783681487
534100231
858011920
873386485
763566410
447220919
126148531
784997667
493022026
169757969
769775849
778951668
859499554
748893503
564310530
620825937
883314449
919209078
685683611
740644621
25082681
941100277
850631376
938972438
710140292
35399354
565188630
700476286
855232700
918257907
638785205
945234046
240934810
474280028
976860650
259219054
451560399
434477520
328384596
810474842
818491555
980314104
98078778
117728131
977796403
669476372
932795997
369348686
281347881
749550621
828892478
881956060
742182455
984842067
155460085
787029349
297955974
417318655
660960592
819623206
37103064
713049848
671279486
815212620
54799319
289236406
171100129
690415528
796183396
252044198
263855355
380510543
429374641
439797207
526818199
617802450
175040844
548697328
732314056
306289530
136549541
147888353
876029179
372491223
218342243
458816707
502006652
681793799
731768019
465041825
672528272
605240372
430271435
957570026
480777559
150089128
942690180
30026520
801458220
410992692
610196133
367734972
926798967
176817725
508151581
846123584
626018189
648997062
568139537
917656078
377939662
61869759
262352216
355495524
649702644
851903555
147159063
658446002
658538063
885331388
442979378
9137053
141796473
348223680
841021086
36595117
244063871
620406598
488540317
919034621
148517749
957931923
574519565
517327610
67996274
972463145
244213173
408975547
752549314
893073429
867409740
722329046
717597056
109574616
152828067
478442375
532528513
124895293
434396475
620798536
744359969
665982081
688015619
146255219
203647937
269947686
996902150
724274627
19916192
181696775
92925837
928605611
993154687
711163425
933387491
255680868
294782995
796984242
991251806
73140332
201496414
632230147
826384171
925776463
171700168
857384646
420651986
913180025
194139684
318761348
250872646
149819112
725178664
940131907
948971772
238824180
92913672
149540498
895026044
886909663
50185207
606114290
716891306
891043957
171079217
876260695
40623635
15506147
174690702
792262675
570705848
634190251
661871788
792902455
228363753
506688068
102583432
526061843
614845441
16277120
336571247
222579949
643091331
331288920
323974687
804537203
988313699
929414958
314723073
92858281
386777469
722156662
942835144
382476385
605417295
805683785
514216351
660587199
522208007
43190072
653338035
816284690
977069741
568465575
707356109
606856467
824153763
250398922
322433578
222368050
671520399
382398081
472081417
687144050
435285830
182081202
865552415
989120453
302599347
375425770
344485047
119355351
474586328
582849811
224795787
41039450
744125718
793545075
139757543
230836583
945617801
292018546
390189888
513659483
738913252
763973984
108493689
468546713
149410559
963692131
340895726
855321462
594349222
623639398
632686907
571370011
301674856
254403941
332817398
616298522
948644034
827843584
229003341
999372810
382856894
580062826
465424760
666522976
597017500
617033546
549179251
582485088
184866736
452941939
961945558
886421556
587231385
794247182
621978786
888024946
415841625
625398923
702202928
627308316
154657928
1750259
451668076
153314856
339023056
294295614
925607611
187310431
153687942
101940200
404969740
229018527
51045769
335375667
694895179
361277791
957408937
249876679
459785347
522008353
230400872
78352218
620250491
801733975
166868318
403888853
328581189
672580673
583546253
493369763
614549389
520671149
562995510
576712996
748744640
178160984
880981622
392998103
266065489
325625516
687263014
688018903
503784051
66074893
220119094
938516213
696421060
9872561
924676211
872615331
955759641
400143906
847971464
510894661
286155142
564300057
441762176
791371146
507946877
277932984
195166837
229066817
651966377
13918747
83652630
94816455
485467426
562037564
71847897
389766725
957475671
127697934
818428029
813616919
748197884
504354810
254063543
868715473
324388963
515940834
983751675
999098173
279777629
494163213
571307448
882249541
763984353
613828965
162526196
500534109
65769657
365321115
462211343
634222851
573579959
623135167
157860354
737713459
545228593
554898109
199446174
931100794
716431113
449079296
414408428
658729498
824058988
394972171
980765127
750001256
960145753
517585277
652399990
757497860
779777740
693351587
170638365
822980205
681581630
937299382
675668520
397392131
447094217
996797994
434860557
365607913
310403384
34916296
796350134
150956842
144364642
432404247
604582110
767715495
238544648
307496697
148885576
691148521
208744757
985351261
419986511
52855316
114852907
32114450
54949441
811475503
116855285
285165128
912352534
996341384
897615031
752787200
333770857
299000062
393572917
999436280
275995678
838649376
865316186
41838453
779572392
100268251
624822711
994126479
897656876
252733053
715288364
152301976
1874772
905793620
294567369
313115510
499804794
535881603
728439531
275866570
273000318
430973408
314283356
575075591
500604765
158546129
965619042
165081808
343916162
71668480
150904468
963179230
173314687
516772450
97875258
423792869
626166820
315650612
864453220
988252416
174861422
757186689
656035200
261180701
219746034
446700716
795591118
846680348
918365172
133398872
727872191
624435054
288190833
788436553
448332219
3205578
385909713
194239531
843026170
661551090
399518888
863977006
349022692
181929398
179666391
794242866
703847840
377509332
311072915
486920642
373474124
233826514
881380556
634999403
274816605
408873616
660592538
902080748
743390901
209403893
469463959
461012963
212455322
978876407
7543577
663151533
949873556
47299556
498628641
562544324
66768602
730414622
957155499
636628329
433742843
879891698
521984621
682516052
353686428
572967026
596092474
424110785
227134329
439767579
921367099
217968196
282425358
717083615
334274978
24744931
676140309
460315156
280894735
499979009
373607411
726080826
998825390
951062521
90217682
853484194
244006593
183125679
743654788
740241877
389285915
734620317
477729627
557019814
704447898
171238372
841117872
976941854
639554902
914938617
386032258
799647519
537381999
746965345
881277451
472316771
508175482
787806320
946654432
466149456
775262746
174245249
966497650
554032213
500778272
145369863
961434838
396166987
106417096
492797249
37239178
214403879
159182897
926723246
982762013
689536819
864269414
210262786
803512592
154235921
260511755
179977572
978761657
354599922
44555635
795652746
6629091
447639819
25453835
532557021
548628217
45478280
774693863
409779445
801345115
49032230
946444068
497218837
133888598
374552245
751104899
361164142
751026384
214421585
498613701
393717744
878435777
682778701
838211102
366445625
663839991
487573876
295268139
872841546
525157676
861916524
806304021
370974045
894523392
557738597
198970016
756315386
602365718
323562538
157212417
663505327
153477805
258398732
52453674
380800296
12189385
439325091
697271274
937308995
145393967
390845779
355839191
698734304
244598799
864274729
278706003
804372458
53526751
273587288
287288996
377133582
856254478
641360889
97541022
831803048
585031851
106978032
78167194
686383496
756021522
559174212
835943422
349484319
888232188
844479663
911732424
597997839
292188621
187004880
691269702
717767217
110235388
165332228
277770818
778909028
277875940
549289816
962574769
981739224
686896179
458620445
17647528
684031477
265216625
982036433
684835673
824901101
843618791
140272537
42753780
868589193
994116304
92578957
60067029
607311247
370808596
666029863
433512221
186224164
981947731
937069434
931622808
849334485
305195982
387470651
657652207
421690486
532240155
108726328
792003830
90307548
332193345
343515167
544364269
136915014
578710674
911947157
443369002
410176601
395570982
42986125
604134779
187437730
534821581
59886982
83433900
896786102
633109934
683730704
699355431
605080318
769758437
683741336
240581153
590172368
108584142
785868715
480307868
992431536
270785169
618304065
424372577
924794663
453438440
517635558
922436171
231269323
797903901
592014379
369966152
421126065
392449359
622792938
887079607
726898951
594652105
996794506
933742683
118846552
149959220
628379086
939165413
790136991
473753982
420765323
159551196
958947337
187682387
608259218
757754411
464840509
514609776
361740256
304694027
797701167
631647703
575658443
382160897
763071472
583922674
742137111
45186741
647774181
682001279
448858452
300274218
414480610
655776385
633941498
918990479
200889306
71447570
127159586
294053567
83572218
174360793
720517022
47536611
238712364
892507294
210974512
342409397
198637496
485181404
620258169
888606372
939508151
863628059
416958049
665552539
899441738
417872705
969306544
93412802
470237380
475913373
775792564
19040534
992248184
537047135
596756513
207822286
96844235
46775020
405636409
213170884
298667895
490266499
533447428
570424533
939965017
395825185
686958468
119574982
331729823
623275246
342943195
635818361
269343879
925934614
32499565
650072346
296261658
323003051
230021032
545696997
722747944
834633149
113054945
311025976
629076633
669459256
865891128
616927613
952280577
529115716
459242143
373090036
251788748
347817221
609547073
540198999
631220205
733053525
164063574
749997329
611195109
371553931
447781801
655638802
484054592
929376167
450512937
814579305
278975753
609423067
480257405
515878307
697362915
312422428
209641329
395725046
942815718
93467429
40557279
992326649
952865632
803069790
585688656
572948603
596945550
615900298
929441158
545182296
216234144
420392923
364678946
695110911
586176533
749658645
993286890
211438166
48019444
986647729
757723588
351902945
752708340
875743457
982882568
334131732
960737034
102230271
121755516
829163592
323688949
773166223
840620804
339288111
922715831
509326155
116138311
507970444
400390868
242307834
472906304
919877349
373661587
85838665
396512907
499031957
505114179
796291435
963101177
990793408
599948860
107661392
961286538
348320993
886760328
339464760
132310883
54105862
88693250
384045125
581288833
724673173
830690835
252234742
409158042
571813908
929550617
958276119
374898932
871360909
735503953
770923423
377908928
753367308
313787571
847912592
598237468
92375476
386612892
349721648
42988013
931723751
614730465
462217746
137722839
376587478
318608896
182309095
427305486
767609150
840770500
86670929
172849074
638192419
400437271
363671350
323157488
641352552
486109115
201031033
292630731
414827736
131654087
487122150
696232178
117880670
274189274
894076019
835851834
204383563
698757767
681323378
659267892
713356654
453276351
144350994
126757105
760064661
321972628
83867117
955961350
952906391
5772778
234627738
826187298
667460984
421187774
498656979
794558265
552923504
24017627
579757548
756267433
970106973
744413660
259728840
21797670
475474013
242351527
470611398
503279764
377518781
91911953
629155451
948170241
962550142
696221163
208344023
102499591
359733904
952802338
523721807
834500246
856966888
764998325
229497901
474973638
280279882
896322125
957337076
721957145
305207205
262429784
902061883
924971482
756544871
471094361
562155702
574093528
984052192
793141093
842555789
447525611
297637817
644984426
948057108
91774548
56788739
249721749
648060387
553499010
200847695
289629800
173313359
166241566
138176991
663080334
714211550
537537950
564950860
483527959
836200499
520521669
984425144
50218978
899527088
721762511
576625751
788333756
211498926
784058160
216511109
820701370
395645969
579786018
708300509
444137099
731176249
468451410
109202454
300992694
9013069
661943457
907648538
821305672
623450011
797303111
3127796
542236052
932653668
219151869
721150379
921694070
537969270
555174005
569148461
914836903
803584270
421873463
142815618
273428763
70579035
810345515
351475177
434278723
390073798
400954895
752763754
372539786
921345465
428265895
935728339
465545807
889860947
124214506
295602552
925521844
464860604
775620292
424954083
204207937
211646465
321039119
724695884
716399419
79991615
268912723
774114416
395467766
289366744
55928787
314879612
257526695
987275041
91736053
782108125
791308149
967251294
778977626
519869057
960076254
768206035
379456296
548707516
361601360
685501184
758430020
902128381
142353919
162442207
900180263
382797850
317456647
343026319
575462433
815723002
901915554
429703615
768755319
529393279
939779639
116725360
940211570
424988700
621486602
815627797
116245176
75500032
980943586
131954346
547723456
651508839
896993916
348430354
514081293
511765639
498339913
569549464
426851205
975471064
897018179
530000825
447599767
826415343
940958072
397110870
383834837
391776656
156664435
995710742
43015472
728010207
806614336
282257370
543031311
230219798
168139164
826376443
309711297
745411464
453791569
784554241
581596885
115558910
504176478
424091069
415834654
598720878
521670422
496418282
752368201
53144817
374440147
90533714
914496281
77476206
263189830
762895262
603113046
342197036
476734281
373188326
353385827
460607249
955741257
998479384
605619703
234834301
950945281
271198853
541039016
490928268
610663980
893942207
313003603
699508015
248989349
757729194
567724626
186180294
349724356
6132447
981106500
939233310
893138922
95178577
