95178577
893138922
939233310
981106500
6132447
349724356
186180294
567724626
757729194
248989349
699508015
313003603
893942207
610663980
490928268
541039016
271198853
950945281
234834301
605619703
998479384
955741257
460607249
353385827
373188326
476734281
342197036
603113046
762895262
263189830
77476206
914496281
90533714
374440147
53144817
752368201
496418282
521670422
598720878
415834654
424091069
504176478
115558910
581596885
784554241
453791569
745411464
309711297
826376443
168139164
230219798
543031311
282257370
806614336
728010207
43015472
995710742
156664435
391776656
383834837
397110870
940958072
826415343
447599767
530000825
897018179
975471064
426851205
569549464
498339913
511765639
514081293
348430354
896993916
651508839
547723456
131954346
980943586
75500032
116245176
815627797
621486602
424988700
940211570
116725360
939779639
529393279
768755319
429703615
901915554
815723002
575462433
343026319
317456647
382797850
900180263
162442207
142353919
902128381
758430020
685501184
361601360
548707516
379456296
768206035
960076254
519869057
778977626
967251294
791308149
782108125
91736053
987275041
257526695
314879612
55928787
289366744
395467766
774114416
268912723
79991615
716399419
724695884
321039119
211646465
204207937
424954083
775620292
464860604
925521844
295602552
124214506
889860947
465545807
935728339
428265895
921345465
372539786
752763754
400954895
390073798
434278723
351475177
810345515
70579035
273428763
142815618
421873463
803584270
914836903
569148461
555174005
537969270
921694070
721150379
219151869
932653668
542236052
3127796
797303111
623450011
821305672
907648538
661943457
9013069
300992694
109202454
468451410
731176249
444137099
708300509
579786018
395645969
820701370
216511109
784058160
211498926
788333756
576625751
721762511
899527088
50218978
984425144
520521669
836200499
483527959
564950860
537537950
714211550
663080334
138176991
166241566
173313359
289629800
200847695
553499010
648060387
249721749
56788739
91774548
948057108
644984426
297637817
447525611
842555789
793141093
984052192
574093528
562155702
471094361
756544871
924971482
902061883
262429784
305207205
721957145
957337076
896322125
280279882
474973638
229497901
764998325
856966888
834500246
523721807
952802338
359733904
102499591
208344023
696221163
962550142
948170241
629155451
91911953
377518781
503279764
470611398
242351527
475474013
21797670
259728840
744413660
970106973
756267433
579757548
24017627
552923504
794558265
498656979
421187774
667460984
826187298
234627738
5772778
952906391
955961350
83867117
321972628
760064661
126757105
144350994
453276351
713356654
659267892
681323378
698757767
204383563
835851834
894076019
274189274
117880670
696232178
487122150
131654087
414827736
292630731
201031033
486109115
641352552
323157488
363671350
400437271
638192419
172849074
86670929
840770500
767609150
427305486
182309095
318608896
376587478
137722839
462217746
614730465
931723751
42988013
349721648
386612892
92375476
598237468
847912592
313787571
753367308
377908928
770923423
735503953
871360909
374898932
958276119
929550617
571813908
409158042
252234742
830690835
724673173
581288833
384045125
88693250
54105862
132310883
339464760
886760328
348320993
961286538
107661392
599948860
990793408
963101177
796291435
505114179
499031957
396512907
85838665
373661587
919877349
472906304
242307834
400390868
507970444
116138311
509326155
922715831
339288111
840620804
773166223
323688949
829163592
121755516
102230271
960737034
334131732
982882568
875743457
752708340
351902945
757723588
986647729
48019444
211438166
993286890
749658645
586176533
695110911
364678946
420392923
216234144
545182296
929441158
615900298
596945550
572948603
585688656
803069790
952865632
992326649
40557279
93467429
942815718
395725046
209641329
312422428
697362915
515878307
480257405
609423067
278975753
814579305
450512937
929376167
484054592
655638802
447781801
371553931
611195109
749997329
164063574
733053525
631220205
540198999
609547073
347817221
251788748
373090036
459242143
529115716
952280577
616927613
865891128
669459256
629076633
311025976
113054945
834633149
722747944
545696997
230021032
323003051
296261658
650072346
32499565
925934614
269343879
635818361
342943195
623275246
331729823
119574982
686958468
395825185
939965017
570424533
533447428
490266499
298667895
213170884
405636409
46775020
96844235
207822286
596756513
537047135
992248184
19040534
775792564
475913373
470237380
93412802
969306544
417872705
899441738
665552539
416958049
863628059
939508151
888606372
620258169
485181404
198637496
342409397
210974512
892507294
238712364
47536611
720517022
174360793
83572218
294053567
127159586
71447570
200889306
918990479
633941498
655776385
414480610
300274218
448858452
682001279
647774181
45186741
742137111
583922674
763071472
382160897
575658443
631647703
797701167
304694027
361740256
514609776
464840509
757754411
608259218
187682387
958947337
159551196
420765323
473753982
790136991
939165413
628379086
149959220
118846552
933742683
996794506
594652105
726898951
887079607
622792938
392449359
421126065
369966152
592014379
797903901
231269323
922436171
517635558
453438440
924794663
424372577
618304065
270785169
992431536
480307868
785868715
108584142
590172368
240581153
683741336
769758437
605080318
699355431
683730704
633109934
896786102
83433900
59886982
534821581
187437730
604134779
42986125
395570982
410176601
443369002
911947157
578710674
136915014
544364269
343515167
332193345
90307548
792003830
108726328
532240155
421690486
657652207
387470651
305195982
849334485
931622808
937069434
981947731
186224164
433512221
666029863
370808596
607311247
60067029
92578957
994116304
868589193
42753780
140272537
843618791
824901101
684835673
982036433
265216625
684031477
17647528
458620445
686896179
981739224
962574769
549289816
277875940
778909028
277770818
165332228
110235388
717767217
691269702
187004880
292188621
597997839
911732424
844479663
888232188
349484319
835943422
559174212
756021522
686383496
78167194
106978032
585031851
831803048
97541022
641360889
856254478
377133582
287288996
273587288
53526751
804372458
278706003
864274729
244598799
698734304
355839191
390845779
145393967
937308995
697271274
439325091
12189385
380800296
52453674
258398732
153477805
663505327
157212417
323562538
602365718
756315386
198970016
557738597
894523392
370974045
806304021
861916524
525157676
872841546
295268139
487573876
663839991
366445625
838211102
682778701
878435777
393717744
498613701
214421585
751026384
361164142
751104899
374552245
133888598
497218837
946444068
49032230
801345115
409779445
774693863
45478280
548628217
532557021
25453835
447639819
6629091
795652746
44555635
354599922
978761657
179977572
260511755
154235921
803512592
210262786
864269414
689536819
982762013
926723246
159182897
214403879
37239178
492797249
106417096
396166987
961434838
145369863
500778272
554032213
966497650
174245249
775262746
466149456
946654432
787806320
508175482
472316771
881277451
746965345
537381999
799647519
386032258
914938617
639554902
976941854
841117872
171238372
704447898
557019814
477729627
734620317
389285915
740241877
743654788
183125679
244006593
853484194
90217682
951062521
998825390
726080826
373607411
499979009
280894735
460315156
676140309
24744931
334274978
717083615
282425358
217968196
921367099
439767579
227134329
424110785
596092474
572967026
353686428
682516052
521984621
879891698
433742843
636628329
957155499
730414622
66768602
562544324
498628641
47299556
949873556
663151533
7543577
978876407
212455322
461012963
469463959
209403893
743390901
902080748
660592538
408873616
274816605
634999403
881380556
233826514
373474124
486920642
311072915
377509332
703847840
794242866
179666391
181929398
349022692
863977006
399518888
661551090
843026170
194239531
385909713
3205578
448332219
788436553
288190833
624435054
727872191
133398872
918365172
846680348
795591118
446700716
219746034
261180701
656035200
757186689
174861422
988252416
864453220
315650612
626166820
423792869
97875258
516772450
173314687
963179230
150904468
71668480
343916162
165081808
965619042
158546129
500604765
575075591
314283356
430973408
273000318
275866570
728439531
535881603
499804794
313115510
294567369
905793620
1874772
152301976
715288364
252733053
897656876
994126479
624822711
100268251
779572392
41838453
865316186
838649376
275995678
999436280
393572917
299000062
333770857
752787200
897615031
996341384
912352534
285165128
116855285
811475503
54949441
32114450
114852907
52855316
419986511
985351261
208744757
691148521
148885576
307496697
238544648
767715495
604582110
432404247
144364642
150956842
796350134
34916296
310403384
365607913
434860557
996797994
447094217
397392131
675668520
937299382
681581630
822980205
170638365
693351587
779777740
757497860
652399990
517585277
960145753
750001256
980765127
394972171
824058988
658729498
414408428
449079296
716431113
931100794
199446174
554898109
545228593
737713459
157860354
623135167
573579959
634222851
462211343
365321115
65769657
500534109
162526196
613828965
763984353
882249541
571307448
494163213
279777629
999098173
983751675
515940834
324388963
868715473
254063543
504354810
748197884
813616919
818428029
127697934
957475671
389766725
71847897
562037564
485467426
94816455
83652630
13918747
651966377
229066817
195166837
277932984
507946877
791371146
441762176
564300057
286155142
510894661
847971464
400143906
955759641
872615331
924676211
9872561
696421060
938516213
220119094
66074893
503784051
688018903
687263014
325625516
266065489
392998103
880981622
178160984
748744640
576712996
562995510
520671149
614549389
493369763
583546253
672580673
328581189
403888853
166868318
801733975
620250491
78352218
230400872
522008353
459785347
249876679
957408937
361277791
694895179
335375667
51045769
229018527
404969740
101940200
153687942
187310431
925607611
294295614
339023056
153314856
451668076
1750259
154657928
627308316
702202928
625398923
415841625
888024946
621978786
794247182
587231385
886421556
961945558
452941939
184866736
582485088
549179251
617033546
597017500
666522976
465424760
580062826
382856894
999372810
229003341
827843584
948644034
616298522
332817398
254403941
301674856
571370011
632686907
623639398
594349222
855321462
340895726
963692131
149410559
468546713
108493689
763973984
738913252
513659483
390189888
292018546
945617801
230836583
139757543
793545075
744125718
41039450
224795787
582849811
474586328
119355351
344485047
375425770
302599347
989120453
865552415
182081202
435285830
687144050
472081417
382398081
671520399
222368050
322433578
250398922
824153763
606856467
707356109
568465575
977069741
816284690
653338035
43190072
522208007
660587199
514216351
805683785
605417295
382476385
942835144
722156662
386777469
92858281
314723073
929414958
988313699
804537203
323974687
331288920
643091331
222579949
336571247
16277120
614845441
526061843
102583432
506688068
228363753
792902455
661871788
634190251
570705848
792262675
174690702
15506147
40623635
876260695
171079217
891043957
716891306
606114290
50185207
886909663
895026044
149540498
92913672
238824180
948971772
940131907
725178664
149819112
250872646
318761348
194139684
913180025
420651986
857384646
171700168
925776463
826384171
632230147
201496414
73140332
991251806
796984242
294782995
255680868
933387491
711163425
993154687
928605611
92925837
181696775
19916192
724274627
996902150
269947686
203647937
146255219
688015619
665982081
744359969
620798536
434396475
124895293
532528513
478442375
152828067
109574616
717597056
722329046
867409740
893073429
752549314
408975547
244213173
972463145
67996274
517327610
574519565
957931923
148517749
919034621
488540317
620406598
244063871
36595117
841021086
348223680
141796473
9137053
442979378
885331388
658538063
658446002
147159063
851903555
649702644
355495524
262352216
61869759
377939662
917656078
568139537
648997062
626018189
846123584
508151581
176817725
926798967
367734972
610196133
410992692
801458220
30026520
942690180
150089128
480777559
957570026
430271435
605240372
672528272
465041825
731768019
681793799
502006652
458816707
218342243
372491223
876029179
147888353
136549541
306289530
732314056
548697328
175040844
617802450
526818199
439797207
429374641
380510543
263855355
252044198
796183396
690415528
171100129
289236406
54799319
815212620
671279486
713049848
37103064
819623206
660960592
417318655
297955974
787029349
155460085
984842067
742182455
881956060
828892478
749550621
281347881
369348686
932795997
669476372
977796403
117728131
98078778
980314104
818491555
810474842
328384596
434477520
451560399
259219054
976860650
474280028
240934810
945234046
638785205
918257907
855232700
700476286
565188630
35399354
710140292
938972438
850631376
941100277
25082681
740644621
685683611
919209078
883314449
620825937
564310530
748893503
859499554
778951668
769775849
169757969
493022026
784997667
126148531
447220919
763566410
873386485
858011920
534100231
783681487
214707140
197075872
866964970
241785455
775102160
390890213
379895897
707434647
907853823
672743317
315075229
214800508
550033801
230473954
523941105
819693259
747331290
841955888
254806454
891087331
966660172
260012195
914451095
120728265
732012448
370415490
595224058
530124089
546252309
498515901
402218883
977227020
365960208
116535419
531218573
216748104
835099844
926653544
719201371
540319478
596650817
825352902
826575314
479068649
218793565
727050232
496110410
863619186
587331054
431877636
762422811
289322958
982428733
367523342
547334950
753991207
539955490
959407565
105452194
437623795
938960773
529040353
416675006
587954037
390835586
16313894
394448687
966700650
969122913
207883161
396406833
388110387
828172393
883998408
781530361
247007708
291049157
752609646
7699604
795526268
699477155
157215730
492656751
788757251
268614594
551616710
601865034
58112503
167433586
351159315
881632586
5712991
446085569
861645001
796076512
646717905
8097815
979335807
113375622
389817334
534844389
832085337
587845085
258246542
958185459
745662342
743731179
781439425
206972704
568126591
645477851
673439331
475722924
569531112
827894474
859540802
80465343
197083205
557177987
634003918
493676921
617214561
825391810
192063322
530348777
959496745
316526189
266385198
483140503
878902535
385048179
894313048
385198555
324320630
612240302
32941854
333389250
713327867
40831425
935995298
754909799
36779656
869883950
723336216
199610761
278948115
448009701
356589197
644516373
696998618
460947062
546029526
49950010
879093999
301528738
573699106
707446928
899064973
318830417
253252618
94368562
14791464
206176846
397767090
901530146
185436446
545038674
517309876
549527435
601005848
10407195
647485634
41208158
296213506
609243789
270954554
119342738
872193971
553512923
819794247
915492987
418119018
657765407
866934015
451624407
40007670
449901762
248335825
32181964
677211827
956744788
733807713
91574907
936844536
556355125
75763226
689324829
266043425
707816810
189292438
631942208
651946747
612425405
399055014
612928142
763872393
425165566
749967298
860488140
399240333
332176590
180146033
811775539
484812536
649961915
834593403
717712566
598294925
905300118
570720713
951126542
384806638
307988814
214806648
224533048
50456942
126815371
191382100
415429032
989120979
688824207
761704349
356213363
872862871
910855460
975939429
282524564
536843822
819559108
754942960
29331627
730238222
351792171
278287680
904721941
980706074
692702662
888091049
111242353
674000094
828744016
774965881
425643523
128936171
114414200
211615288
907166245
188969527
51228527
375433477
1486757
895675930
185477093
540286550
515093352
904668795
6712384
453442925
189148976
690122780
951903698
991534221
947483627
657889047
881972603
760878104
935590022
356304227
700534301
396650017
540746613
573282884
405563976
633313856
557702439
126019212
895423630
620356940
644593542
254418515
959773065
927681356
255648094
75902766
999888772
552881397
936833734
415511548
427757266
190558849
826842906
344712050
938538579
30648125
23910414
806331261
244219143
797119847
592554462
385377748
994505459
572410005
346348459
584102361
395159285
221772144
361759441
658680890
974920968
328972038
982418806
839501978
156406450
568416586
520450637
152916732
357680161
924240519
901307743
638280764
594245868
706635823
252885152
260865524
162641835
39195903
565216132
951139412
312795970
909432821
37868886
375903096
870116554
939858853
946005141
345248966
824478808
985072688
693962178
286566013
601265573
460171144
242057692
235422245
463474661
380340917
385298861
744953048
95473978
595308082
279330051
764985833
947621325
729990532
900483139
70098326
617383743
216466998
349322346
500405968
953039062
427052111
631529390
410971389
941618104
127103453
331840294
573931485
102912098
485422333
258921858
862969977
978152187
133126515
556782764
179028927
851617842
439838328
682618927
463205500
269362210
316661211
65996313
727234216
248933542
492495029
822132816
539781787
423027666
50767683
273590580
664909560
753277568
925750907
722602250
99793463
792948418
483990066
516237014
588532337
132909312
116619783
819443193
70310993
846818493
10538067
107935604
612907963
112350034
248687648
686566738
906070713
148058818
345656091
842535512
885293265
727410819
421758952
498231646
30312525
191190562
812876919
313278146
48842017
136249197
840119591
601527327
858093692
796283382
635472163
735361357
364313972
463372302
752958946
479289919
800852368
143661991
520021786
235398564
228116174
841093724
505621036
740706650
867895781
295851584
203428114
545616779
733599768
359784272
287760528
154808039
376858336
523359824
290295454
338466497
231987944
666785191
333326051
408996863
519509851
863741089
832191382
237398645
619928122
198422405
839049067
183935486
531818516
244475690
509637517
678200698
717160312
506449906
667073657
878925
198108498
993605065
331537254
543789389
630838318
765125392
597385554
143991875
508219928
406585787
618069903
68687143
34634164
294220106
859991643
387538018
800916785
661837296
356230963
344312677
284944104
183582710
716001132
512148159
347344447
633596984
186855890
760842538
590213825
503919310
385576689
974132176
992389886
42518127
555978433
734615393
924677168
29063999
484217773
789808126
251115764
181390561
815738132
727732944
774085249
463152871
359938661
717058603
843016528
252408906
582639033
350843122
468864888
203319965
226878967
694871297
729872964
723783354
453671575
194667645
413283576
971552863
342740776
569572403
567932134
35847080
412602404
603359054
171224289
70506285
685118466
920282019
512459412
521825780
435816827
242275116
617124767
913414181
548805305
200971931
10576150
448357928
250920442
887138808
777970855
428314326
665507027
757005437
248879554
897909166
830124439
83881453
113270746
387744404
660665639
598449668
737665699
60038452
449328936
996762701
593812202
900102427
716629796
434824081
488335347
573941361
366399562
856709106
669401751
940742609
94977898
194505467
508268845
200742268
214981598
319256356
582890559
322175840
588181800
897522396
635722138
549094672
449946709
766143102
135874245
941316962
688119620
31144406
195032558
784449748
302675299
132453350
719384831
451100681
777470885
561876001
432168513
776094878
844583904
468883618
884496308
152517113
178043304
454314239
509217534
9722472
623930803
739772291
35515003
883693355
763812260
438481314
967686520
571038546
402816758
737484491
459648999
621899147
435895835
644019100
549603194
469170623
573777316
271079085
873977637
24565464
829716737
18002304
860282868
325036127
6757232
460192169
798017188
997739113
818175140
584593582
428464054
194824543
426383160
545155845
852989117
937112218
730324084
444061757
306027405
659878457
167974535
817826030
789650791
748008458
115267837
647359239
336505003
887114610
252518166
776566825
11682463
871986264
876687783
279793255
260471238
564109469
548044262
36193075
342110009
422567913
660496709
35331207
433118399
511992567
604932284
447263432
768909283
454935357
417119416
13546271
462880191
559397888
426172428
561102154
642869046
477486245
813225887
850003567
798825974
354977196
142029899
202733746
29982045
336793662
374824401
943821177
893652331
453767731
945739961
820614905
615276146
390145468
869298112
711208796
164060588
342610246
738805359
29657916
498701647
147860520
521322646
306546441
621276185
891435130
622710145
514888921
180238468
900764667
231519265
595646919
139195908
684682807
227834508
312665385
20842099
298698662
747328553
373566695
928172794
421460441
638733212
997980926
641138307
524688457
321011725
142616492
355450411
594721333
818244647
132138267
276714637
589842843
332589461
639764412
656439026
333135906
625536600
652291809
841601144
161050413
970898879
168489730
603147799
664150894
903108442
331698012
306151500
504862602
191993685
860053589
476936617
867440234
596580556
659057364
142085401
163646088
456833043
896253253
418382545
25661990
798049707
222391322
777529989
188356409
386164225
464762191
889322249
466975379
790908931
965362052
609105049
567469471
488169149
853753749
872472393
295320551
412902312
354706423
780918600
264464809
380355857
30077270
433694018
693814506
780330063
119887909
801916731
498243889
810748368
782201040
371016778
499360652
694847053
926100070
876878842
342356259
498800791
453641644
736944116
149005523
903674928
807245803
776271213
963826207
813543023
593271390
620337899
148849234
612095607
804170620
236448214
921676888
346507479
147553809
244595069
193839342
801725305
639219364
658094250
736683821
924037048
356455186
242478825
850183005
177608759
794884453
734164367
443250976
381261497
985717342
705854309
666574519
336201260
436990560
948854203
206960595
26534596
699190077
312928596
121491872
949006923
783497748
487077435
13873242
980584045
740815933
10522909
810154611
269017266
282440714
119628353
909163900
511965743
471679015
397042609
559569033
92626560
713586192
322852712
812899185
289578783
294624105
246877112
572568109
449342065
194752131
303635887
671295150
101483960
846731971
471213164
928677312
173311058
249201242
842937426
476974140
681492191
789561871
336158378
52342416
966702734
159358448
151558831
436094610
120995011
573416162
17034744
763568924
139170830
176171141
485627018
27370643
724200777
438222650
282237572
726024148
334172640
182658493
913549578
640192878
974978749
591625450
692143391
400704207
206011925
138552244
40294405
20139721
352241936
10032829
625395421
209494790
107595600
476481790
359353940
526511188
126145464
647317697
571130668
215788795
369546478
405582924
744624316
551870780
234991010
133731305
22745686
557081743
164892160
338759704
304414020
694602150
700820463
751035126
511447260
197447616
160045489
236642652
167201078
362414703
266833924
613491908
567859058
83143065
212827827
353142537
840134710
980326937
25237544
375267338
282397748
297431214
577875881
218822577
25613121
633459051
863174291
162361570
5222019
152036736
960785515
567938701
716473939
70419322
439415208
410597183
338238604
538432586
132759197
536958283
918990587
926077703
229247422
662141677
782323141
793178420
16011703
832033203
963373872
501453809
198815420
915231029
83858595
363336230
70583431
207110031
845923923
308203041
804446112
612782706
844011218
596216891
890621174
566462453
149686406
382202716
76082184
249378153
176493742
529713814
119402496
954690385
601850875
726065541
526755653
556554548
125850501
227264560
188155893
659374637
170267567
372197686
653072314
848538139
463990750
408731853
708923679
878321536
694585100
709272831
567194356
852824253
808237597
553647517
132135753
494147791
723016560
463036387
806520563
610131444
495585334
847321381
441717224
451242754
650215320
934223267
597657544
699774321
220788519
642660044
767046849
443335564
288820054
612570020
159583297
951158381
553817725
491810120
258619783
587045954
431677556
623284322
926151350
545003813
205391031
131346937
66664267
382661452
387228216
253377224
625524929
551361213
881357188
714786767
791744385
432688473
187892174
50304368
653293294
401208634
474436130
863781819
443231286
929135070
125032571
440560307
194138349
409318866
326354573
296488201
373681912
470275738
854743534
202089675
728834965
506695576
490177260
56540952
908202852
852260527
670772130
59279086
822655946
90934547
245931536
387716110
269337765
111057924
816046468
798316424
694048312
189710640
708548265
221654409
794496441
592783088
436667277
820076158
234043330
301813145
720268578
140258457
491083239
467945700
891681873
447355054
153548431
671270080
386083190
213960576
182247419
789082788
250812381
904275865
273594023
571500646
885147492
635511877
196253068
520187439
543404698
194908099
263260265
278618649
399856066
659768179
834490533
951869323
826815013
15616905
418195137
389738418
170213058
715481773
423887561
228600011
248355259
557841201
578699369
338118398
223814718
940557090
273945870
435798521
738680121
529146614
561515119
8400821
593685123
215972936
414804277
460220649
795590474
168307550
181237956
893606855
318276220
842544764
222913187
447379719
219589561
323877389
212034193
730990144
455602764
912765080
453998940
550368865
245505059
376086281
607397399
979628005
496917643
174501886
886755572
123880806
444572404
592579071
236423843
125695409
606989791
116530133
796708074
896205082
233293644
656370948
787914918
279030239
825073209
821079701
975231136
715792891
4960301
106884294
187223603
741684953
511198958
665003998
351038504
104776357
560005321
520010068
401169653
76275102
72808667
405164574
671807554
391679503
257820144
958807965
948524250
934832465
202911207
940247040
691682711
179528899
427996387
720452660
634102149
419043243
567013143
926979980
349479430
548206702
218987107
192346641
306277426
958553606
1882786
75252011
422664945
319551986
311874815
830401627
667818541
128899994
269443629
719530983
512052011
106891489
894733616
489319421
308453997
428517570
580666485
316913857
662941002
118721081
776403418
212046116
309348640
250685497
108288488
921781470
816665937
571013525
704340378
195964387
463475732
809375143
611131700
981836725
138992606
413860745
812468924
25617552
103886501
106169407
475594292
824859532
407858813
327626150
31198509
582263727
231529817
315231817
608856416
513403587
353212909
221406411
816603431
522159144
893198333
987836754
362531342
38447520
18932580
184087426
20923884
957411618
745014869
231233705
487041146
351467069
341636458
919255939
206484959
807624324
674258275
931248306
538851432
329208364
923462895
965940832
724050601
649949143
889948503
481060066
767430523
787556459
272985657
941293996
580012762
429244316
796238513
683780560
407873253
755375512
93741467
110844856
471424363
823877808
248753810
46253796
512045486
420466637
956096807
62034431
584700035
431335474
703948356
643877182
324899897
287686355
226505385
507000579
411885775
566852090
801004522
323686395
535434907
599487586
660391063
720990086
91530910
589614824
847272890
210430736
419145030
651012056
202025960
702938078
385822888
753569597
905094873
696666311
544809863
42509097
218215662
709689610
84973043
691568399
64531673
734733391
512229193
447019710
236027499
500876208
562629154
235902466
79307594
574143908
545317446
460128488
221993339
32365318
897231258
452196844
123829105
441395123
837105315
44848643
539729091
366424879
272563040
178714967
100373053
283203026
384241839
655937877
252550653
310331477
527810171
1514407
517143317
167395110
54927375
803954654
876205136
95021359
806098296
6434572
583548801
600943936
906922385
727065658
871557293
455497964
216611858
172965457
551115963
160437495
986111111
474064295
897628809
102706962
566274382
40355247
378801068
324376177
899820766
388125276
598924613
477242138
692249600
822607127
80822505
990050495
20713276
25866327
506827787
128352628
828695711
203149432
933260670
435085106
283604898
543271047
283657218
818126569
410464165
559006460
970767323
70567392
550794380
879160612
722960454
293200694
780436783
688753486
866918073
797083178
818126055
80501914
934081554
961645785
733564564
412899029
438316280
155503074
256651575
477189653
558562120
499455059
663519848
70337656
945001969
719823061
618663951
993212429
351908997
220504973
994090154
540749658
896650923
203737101
356104916
361252488
444249585
229835566
936155074
906579828
481205406
312711685
459027183
51553745
181488813
459865845
348961433
86915339
805535803
425484086
964018167
539047357
852999898
749515172
782514648
45047643
813349816
388253558
505032047
673593402
740365150
1551585
10150158
702847686
271415632
890897825
769295889
969003425
346113629
291396484
784029056
103933289
45476945
39554284
844464137
448419824
635045569
500841166
482119769
898642023
189850060
476233686
202584902
343001679
970811767
686369062
172183907
846448813
887763842
880175676
19055973
369955300
941912613
975220068
302388235
20536763
116556894
535365368
781094128
717159982
296588902
432198299
687593402
200493941
995531767
485542950
988251973
825700810
677279562
980335643
514618587
143380813
355788187
542919619
142451055
656791889
193392576
262315240
180669139
805218448
186143197
947492324
455882891
12292591
391857712
284453936
975180408
487929671
254589053
358266385
333816492
64182834
539432803
706262728
847349817
448078787
588779114
720047651
978634237
301012408
981510768
86829276
167057963
290092155
367938394
378275557
419435419
189805739
981696923
957198872
489183686
662362303
957801747
524950404
721018861
662829446
626724494
979327811
712867975
306077690
545373997
584843086
101707381
219814711
321570248
506583840
766447003
955995034
656656861
847488617
144584584
951953369
454534331
198422504
824573702
190002138
992913682
807508333
758053832
635319948
638499969
41067324
823805028
546959700
175556103
711432241
561477189
872294374
823186490
365253726
632662754
183137614
632432999
700018295
261101841
582433450
289435299
283925941
718767411
640280432
237170268
386721457
200101436
187010641
312372823
964316476
399105857
268958776
772082404
403793333
992946804
645038014
81440089
765558948
294955674
415715936
831693076
46329895
479626342
939900933
342012881
365001682
809289330
20622630
646517959
137185031
860585518
343511786
448174706
110192102
818009715
856235386
182647695
576325774
6323914
270334945
257668513
108430966
213302307
59374017
7157545
839111420
792400210
640932408
855468547
843876387
972985691
693078533
138435222
581484524
133725239
761315473
455505010
71816218
337880279
763714646
456218037
657183061
151898709
503932737
201494000
162352592
94635390
317819209
410030146
740402173
755390143
119555121
962338322
17434374
894377145
111320150
468634049
915785265
274086600
342463135
327350714
404757522
365955631
425455161
957933399
900665179
640994624
837733891
98928059
650714922
379647820
370906598
694454670
722382286
632539743
584868319
123226293
669299355
381769901
317114023
825256304
639460662
506619359
701259565
561067176
39264517
316301657
17804155
323149741
291491908
295637903
590522821
461251522
852036231
776182495
169721039
148228906
663777887
121121898
186803435
783657004
488484807
120767736
770870478
796419160
870587683
970662878
385465950
62628378
923090711
479764286
130547456
980030481
451777928
110258780
465228973
469148709
452112335
144161268
340204356
267006970
975216868
214538621
475688968
634516746
606258998
282055366
518073199
236394795
910031532
546443386
302700533
438558673
35251070
24898195
976847498
267018345
118151482
85215761
961322610
877588507
614316311
166619507
898742257
631428434
511233711
151935758
813871972
869491315
481328278
811027714
180415843
669433682
129125329
926737968
900799841
125217328
84958761
129653802
655266169
766892737
298423330
680887709
532591322
247297693
970963867
631966670
389220443
180137154
793620414
129466799
8717713
364796977
476390889
959366519
633767471
55838666
249863546
38800124
808986589
551672251
329880586
32452706
890362914
314884880
90076176
711209633
314862170
784969801
140240534
370747660
79441776
944187412
415955406
424072363
589734388
930840211
238714338
314451534
910733654
938650330
600074350
119126270
790152660
227928491
805445521
604542761
541178169
197278890
631620415
982185365
199197159
839166017
881749221
444960678
607003614
180010190
424527211
31268652
594003234
21443543
871178128
414140182
786372243
871096052
282306252
752416794
355835004
194917467
455734185
191221799
735730555
83625393
79345819
950271041
387181660
55714874
436928766
91150598
786309470
47541928
444758415
725785860
340119389
960864518
904708784
744116616
610304493
58244257
949265754
672417188
58703294
431477539
40748840
554884603
399651835
944236536
867325456
298260408
132754224
847116760
742144731
272656175
904447166
579300989
115330198
909231552
850270105
588159905
464001134
904617244
212983264
711875055
23772557
698875338
169157266
725100932
753351046
554751469
973364016
631686092
603769662
459960140
831082526
706422032
112785271
101775360
843325879
690543300
588953347
320641341
677034005
527521135
871378133
992563040
780767086
618295203
800437813
735664356
304443590
703386106
917221055
35096530
235667887
324617155
542403975
963490629
457000336
434924005
500279749
297752306
245293003
94488803
600654283
245328174
7897634
401104980
919204827
133681662
140774948
566266624
401443057
455831912
216215024
721208561
531096677
34439775
230569013
846111713
224498106
746392754
715608895
33410964
512517202
351078889
671192349
145453548
684799303
825973934
445557137
436595988
622148127
931025410
665498885
493016212
193839619
540122538
181159042
991192112
354305737
114204958
479141709
202432903
116116307
163212836
848879210
843746031
518486157
586938888
947552404
546219764
776855583
551749370
206428566
730632961
999422383
71011664
520915483
106664632
145161845
939434934
920911015
669019399
259481786
448198414
586204951
20662818
675546357
346746972
985096216
534830498
305673483
542313748
224250709
74565201
105643099
511522399
335931939
874114642
157944358
763515723
839829398
114881406
243063652
910342238
652513522
34134818
540103757
615458752
15035793
741599238
866005813
972262702
862012272
958821082
515902498
915553155
130394273
271842999
866273654
241236011
262062139
278633787
918352715
801911575
805671391
921968814
652118397
646158506
735443967
309480289
372544836
105143292
157690508
607213097
409816081
412877130
212824433
510422151
743688485
128085097
454424553
246834404
959723756
828308909
921428935
712466773
65972872
736358206
849582077
448927129
783226915
542062491
82818438
534519903
635503067
578234460
243300809
902995309
900821965
517542232
189886878
407524621
188092212
946150274
638536496
42082091
426338753
951363192
927001764
637832004
350340937
307001151
213493072
489779372
29406852
748527247
102284434
811786021
255588059
351104212
723234679
915315043
496106146
200099773
895309027
215954141
738373081
609073019
361627760
146369542
700691032
451203855
430674551
334033394
246407873
452224327
628898341
580668909
651877495
191913898
39087236
157206418
614208931
430474207
643459490
106980370
633821111
439716261
144158960
562490640
129109371
344606096
362137313
554218435
149039859
8847829
645054298
778774084
325176996
505701230
406475892
86918272
105344663
710719939
377528711
594722322
765035590
179700848
640158672
866222056
275852208
761340352
341634337
773277503
464192661
706934408
273615643
253564323
470765494
396461659
591359302
47971840
64969871
360327771
835178057
241748991
635360485
435132961
53329648
230239482
978269258
726470051
521046070
22885854
723479298
647733118
165845090
693390310
753650696
952706874
223739746
152939761
209040252
412491570
213963850
681248495
172078952
810116225
924011973
226540213
839443962
126219350
688855128
914054582
605379469
453538551
641668542
243696676
601922850
990414902
923638786
35893044
854252656
469671515
838036827
391485376
268151080
71506007
813525048
609133650
141297870
590315336
759578490
45640157
695231866
753157257
184865965
880809421
225722153
88642250
986486394
357907742
197581816
468474451
208962394
238957824
405998296
193131116
175314746
878111427
518321554
124148119
239011530
318287850
3446557
843202485
54034323
699050391
428140480
489316358
427438656
270274492
136308373
800234003
198039869
350217907
196321666
42705557
935061734
729596456
526133608
484073498
620186242
904062105
191698602
815443467
59176642
326308670
890832247
814339904
654716849
456121552
298277802
815411304
325673040
427808671
954181558
585315330
672867523
811321569
988018449
858908592
695797233
830377351
724827770
54481786
245118965
485959729
95821046
740577515
502286546
766476658
35072672
617579912
583793128
60194596
146066154
90754154
165235998
266668562
625868470
524360168
107540983
704871824
664481941
842473741
161637321
12246241
445280960
664522135
576980346
116753662
683703832
242784466
645795344
529651989
337553219
884196827
894132995
888436814
716727662
372878840
549575839
893142277
806950354
3602995
488923089
768420040
670023294
794996230
950125293
645219355
145361817
374473253
329471315
777778056
153239630
955701863
225800992
288185995
839150460
301797253
591946886
302162204
881811041
453924385
399700640
363379385
312357241
543703330
838172486
163756965
186175644
267355907
227507564
141364647
931426763
837331598
389469164
360962476
590937744
660274532
793900008
140609742
112700462
979126836
27725200
565277170
896212182
158268685
67247636
602828623
388175308
442364400
382144263
5753272
507904035
370208225
214799629
356769028
650234369
148063444
969098878
550571384
924366347
163460424
537678189
471347513
209843151
931777348
395175522
116478964
467757005
781543207
802325387
540903816
10700113
847286667
706605739
341826947
860074834
261878721
367646229
251023976
604031175
628015980
827443184
151551304
603622737
83316656
44627602
677189530
915106077
595837522
850063312
271583208
813077580
110885394
495764939
259508163
310380360
875033062
439952692
459429467
225631347
16906073
932692993
383077450
452927611
36172434
547094645
5033275
412664877
342298102
534405858
972687545
150956855
484592695
620180776
42896288
633307484
309693927
94659739
800209815
214659585
275598973
871582191
10316869
590113704
935223177
657507059
329941163
373310698
322672738
957782642
163994751
129013386
624960301
632164135
663926323
715155180
658585919
501396388
245169096
71401458
165432285
695334744
667895437
289671119
547371440
571956958
81627565
665176806
402501954
35714404
821699396
225131203
489586019
64236046
769231541
315140410
493375157
442664390
642783616
885847138
24805440
273340211
883267996
42435210
351423829
623162515
813783014
538488821
155878992
612824335
743128929
305242355
182636101
679182508
843538898
460604181
154321304
646609759
135399424
425188860
503958642
777594797
239639182
71269396
619477487
128978834
928155097
983639304
779922287
832057623
275037598
354529110
622770411
973985626
300348718
565336690
407153273
558205688
588284367
749674730
155958032
138201114
895511787
735706369
14598808
987235524
163772079
274895571
982620938
715225630
904562633
268611681
499683332
640954631
668158973
313994005
427019232
402358195
539466232
124169255
952386689
716067105
871308604
731279437
15275675
284078824
900257624
610638681
36977503
710692947
504617711
481505536
206611662
301975834
202537627
165883949
604893041
753451332
601843591
401839640
159703850
36036833
938895658
682897750
561172727
991458322
266014978
333878673
97615698
502979465
410927243
224977974
512529074
868069650
723157428
230457688
171358278
907474998
564720758
79363330
459168739
377217855
899657157
406677280
958285880
569728105
932319647
409777852
509944336
960209823
706539805
250199414
853967978
701487941
877717943
9994310
936684617
684917750
70829488
385052040
92094587
938718955
627856933
973549202
32075104
794025411
100706585
662736848
411420561
561293146
428495513
491262900
3313130
890243928
440506968
271776529
834973661
998511714
629422951
430682634
691417894
774403675
603840340
34746534
880663236
477435606
407103666
404020093
39749669
757089078
386146729
969136325
101261661
894292343
671829440
19999133
937049142
828496361
16834403
500567634
378693977
599009014
427961814
825182267
199444476
578507381
476911098
104959818
363367643
203809375
321427514
883188680
966355420
219031504
415768432
69011463
606824994
437779902
26510296
554811048
879657986
947864501
56962471
155646568
30707839
714826988
183145095
846473842
746973668
399277591
85244638
61726715
169252494
506734995
672746282
867960635
490919391
676640354
901214012
513605957
285119161
200113078
4639895
688805643
658014751
748394943
851266335
426169832
652223480
926605865
73501533
11734243
366037411
825250987
994942301
774408683
956687713
478590007
824104014
144122152
965812139
993189023
839888622
393417692
283705199
252002663
963148356
212588320
661054155
590198728
822500605
69031708
909572943
638649917
904078177
703072172
87276720
900171021
737730724
33411584
49843994
378710090
2108083
684739294
915914166
134133410
795212548
301267107
270796606
948513251
777472214
965265861
547157310
314838520
661198249
448672025
138045488
776806655
972090502
605707314
981790433
354285621
644554958
331975112
840677059
778889521
837588620
586946304
844453185
812447516
470287902
894568767
969586783
746644078
917353906
804622920
319166973
973718072
768375934
45614266
785396154
617037139
145759745
3625021
424670589
524951129
684932724
334859510
248075543
523089284
701230076
184167812
640198105
678990664
9387469
251380698
554932245
648289108
289531657
406326721
941788152
915095024
638629818
384121343
675678566
909055339
856150218
423228602
568762607
311752996
745076973
5179920
333811299
276566684
946365795
149390041
286332504
793442461
355007991
933936551
893144386
149042018
286154343
697256022
984087630
75263564
802518416
766852461
388511956
410821017
485289872
70411243
129392964
693530658
648243353
719662947
594793548
19961525
775894870
836395630
824656347
592603330
190780505
741953765
780096798
511388135
115700395
570032608
137050719
862120319
578705074
787105643
15754313
719196871
492742750
344417612
515418827
797965098
250836678
25730464
388080007
591677602
817692589
620704644
341171495
87225575
429373053
537243815
128754779
168174338
175958486
710618247
808518523
676056570
492953966
690317613
189438814
147491595
361967741
132411947
842884690
193988258
624584516
453753399
720250477
448422741
757379417
161103914
223535451
107383862
458795361
141303704
376943947
159335373
58959517
930062785
264183857
868314909
399361979
368776511
668227707
360257689
537928561
968763257
535872616
879163408
315608642
659018055
525919165
559657622
890826489
514348065
515438910
637045477
353189652
575959250
851262618
607365315
534101096
271289745
374554441
682870986
538413722
680008644
19904242
702710098
253380745
299310082
643995938
82652111
461103600
639261537
73241335
57152092
614937290
287428457
867805520
645207509
371322763
292393174
301320752
599006312
885989148
14239419
582118000
930580943
73872154
312521762
223065071
690949635
287064558
684329231
806420182
396072360
506977775
269412955
914565000
985950816
574553314
406758348
819444950
668478066
878671232
463652048
515936756
574179883
623959879
944536658
38031179
822254614
642732439
698919407
116696285
425995462
249991013
193183692
358416973
928970356
44482366
357127468
505747842
233147101
349382321
526367192
661958847
43794512
385807770
903814979
699821486
686252366
457379581
409714357
569044856
551278367
712014694
952000556
793078805
351603271
228577700
36181735
122556909
811393798
483086811
888512879
365759075
349753359
548617674
17724632
646440197
472389022
756557701
289227930
963896965
478675972
596542783
132856828
760009458
524449280
598666982
214778947
386235872
832813714
916390396
462323816
964143797
235523351
52365112
721567066
205862149
734502706
153151735
14884924
669328340
209867026
140882126
369216414
595956413
431038025
7206056
228236124
394506071
382955262
690641072
971772621
560921311
273222101
409931595
828191774
406258152
229530825
303920531
873504353
151425840
253437217
90463711
531444330
877017030
89822280
990405347
439313163
214738559
310588530
322705211
206409014
752447445
643902260
5208297
718601363
788885741
486248406
842533735
86505397
239527228
24279628
645268608
615198311
999105806
490492402
903479405
875165557
680076764
789406103
367739917
205615340
480044775
840311293
161212588
166526063
626868445
926245645
160124442
807415330
476140021
991760602
778518459
849930805
856431849
41106060
680628262
908411733
273235496
928022330
610714113
561676697
558823066
302782480
562838131
450879569
66812960
736432700
113315940
686374685
406225584
784986709
970236971
288502810
277836114
839465404
160940818
618251395
138774608
239643295
270072000
617521486
513479464
985959548
693869579
784968703
535750584
237843894
884960185
720059168
640744969
353798580
264601924
446889004
493308911
98593150
431304347
792230300
217006486
793438869
883082461
736091410
111309954
292271076
257388841
622578327
903369987
92676652
540109588
44020344
983658579
749660728
104049539
929529919
825607291
935504760
551950415
345274436
703803794
409189138
551698719
338925245
354076920
795569702
1978511
921015113
753448714
888773110
598463985
457137418
388667518
293319975
172798949
145504775
541288836
956259390
580921107
435601141
526033405
332236726
587279550
742128707
679747722
249733223
762653414
244104328
107260830
81932764
133738878
917660380
148850657
367892010
804239527
393901790
674416880
815232119
860273476
232238419
33692304
504703306
767298475
107854499
895581749
445662617
719943038
536741979
209172749
772042697
694650240
709562425
587619616
944204902
935955232
827657080
553063688
865817209
818316617
169881494
310802085
720391019
477670400
537546173
140348865
577283765
102662514
227743244
242995513
347689393
442765431
404232439
801947787
860081446
705690237
218492844
373615761
4888994
470983623
523272628
147988749
326701709
393818470
625570276
715665533
839778448
290540526
269136723
957240459
975342977
265821017
678619568
84099027
565547426
396196974
54829452
672452314
522129583
247950020
746209272
126646720
658930477
603644022
32339133
303348580
862169677
425224046
67585285
779176303
708059337
179370670
90213583
78789830
190130113
800640324
863730605
734796940
489503812
167929634
159071782
657220282
350218762
713242740
257687321
935540313
660958285
28660970
155178959
295370147
633800463
476246554
457462638
324980153
255567071
303603332
136430942
471962927
761768419
538623331
665958314
743342330
775524206
588720437
251460316
883807229
26249635
471242463
429787688
839672842
332204272
79057518
682158794
614677468
34154865
983769692
77388512
280630584
827699305
726303562
829405927
696232105
950221245
389479333
761113426
624872066
824349744
991520393
402232297
550417915
738353783
726532500
286870504
391542061
30270179
327540989
949520786
627960270
837409387
267072483
905215306
784597384
261805781
465617032
873644350
340087954
656470651
104842253
444344965
663546663
444196260
17792216
713211017
625794926
882582149
886189378
905611694
220440649
569646395
111684931
589109143
895025576
527640021
779983904
132137054
320207412
166749430
926790155
248077219
639779171
575431058
441571273
284879279
885185738
524412582
944654465
42909220
736326847
138660862
796848476
900361176
325277465
683813717
442450767
266404900
516536133
54850856
725414399
45118586
532731190
836435707
511859814
518377805
501965837
280878411
78739311
400158050
83510853
202853318
424908441
468150054
889374586
291326673
602466935
11962036
201690040
633244953
917223420
420598424
928699106
14187191
932277333
14839099
8363226
139827266
643475069
345392320
67662470
348098934
570570150
713573510
74230329
243302558
382323668
596723720
722116285
112768138
214920711
995877507
213869064
241945923
856527533
118235249
518135258
581055248
276955498
525979559
384948738
643857721
210781426
49135720
728620089
653270731
700603263
336201510
964822941
964036264
421151051
50483529
227176617
315541617
751015261
532948421
627310603
158610680
587412434
565263857
447634680
440784319
438462013
960205630
946645499
353571326
643426822
874769071
312220853
377586893
425477567
712487763
992600793
960078156
748374830
552976974
446208405
912568465
707831854
292184370
631254299
701728141
872610494
456472769
631515857
889479744
360592960
327026925
568885805
992691403
870325418
533347717
268640322
261384594
262278576
866002173
339859293
482032689
643032213
906981995
262608802
644141895
702940497
717957459
21053753
525755788
282957337
811084205
909878042
52867726
90128030
689726782
477537656
707146406
192515250
968305827
549695466
672269028
177466038
704330308
42557511
727581727
854540964
748900071
607328415
805494474
979424920
117024537
505983584
340907507
563747130
354712909
178320116
6613549
439573675
179388421
835292908
743420124
484098322
26205768
122012521
457055465
927320891
991891848
106694030
814634310
572211089
602067258
881657642
254642007
964089596
740476640
874527447
136362922
336652043
269153913
879225605
437937883
889512149
126881849
549903459
363359137
85559888
407673561
779906
398239917
34712384
853635180
156812038
131189759
486878043
662265792
624815212
362561268
367456263
513161461
908160280
75387449
914633932
527612161
26430885
878524430
998506290
3173023
612891739
105734614
607781119
9444647
925779720
451154150
133971773
272736189
88693364
591298305
420534814
322745910
49352828
563309769
419986804
900903024
681264945
20767894
663281112
510464227
926598716
952181038
659478053
869955178
320166567
90688804
114759075
428997073
709229173
225151077
153222820
743629835
769727611
342509736
989889325
669036667
932884637
54683364
816660326
728220869
775183995
276371597
110983411
898414618
359047590
645403925
914260862
887344678
224182422
433525021
337076526
377515936
625087870
46432624
856374117
231287070
885326468
529868682
861754414
295930858
197776798
204334879
905050256
858515933
285737418
427694600
200844529
248921788
120779077
808166071
54330926
924883154
144126524
883588413
930826241
509229292
237304238
334944645
813429321
294768114
528997018
972549521
408276029
745004240
893557355
422980493
961269616
909276166
538092925
752461340
804490921
966284778
566392789
46102209
154533937
679370620
792439979
775796702
670698758
454065905
182488891
331469872
781135562
964999487
803274010
63144131
916112419
661902660
611279379
46750146
854676233
140261505
680584232
971082638
860843627
304235855
853153508
641835552
130922084
509367558
47395995
915858077
936811246
784390458
338690161
523523403
594906315
21468459
724086790
655596385
453013055
764141201
544333240
176815477
560508790
603922932
175139323
738316818
589584433
380176095
827318175
121358961
974167544
970669638
600992847
670805795
988016465
524774043
749423546
523730792
302412090
441283825
117292359
93746771
980934813
294745147
195297511
218759011
781590004
821018582
887182446
378344920
327758306
720213247
533846243
100020982
809497393
138303371
743841709
522053688
850125960
681616453
975073205
958044572
216978319
427645757
321698669
354225755
32385175
144442499
404687330
202152449
835284455
927991148
741527496
97834870
349061335
258810541
859321807
721443839
404865711
604115436
276504309
812680270
744698023
909997695
915336751
702318964
641326579
292854404
317488158
174759699
853321358
677298578
267325405
926549661
487296220
706860518
172527471
301176730
938591330
974053233
824706556
201790550
737161377
704923625
97125199
476021648
299323900
362794226
313896698
76894970
880940546
120218320
581470684
953398530
90200247
324644282
800063458
317060597
717353732
419023501
746615108
230225125
510964216
859266846
237796634
9497639
241576391
36237473
433344717
520696335
698372594
7065413
314505401
601163828
231593278
850723040
549362072
968352151
913155345
669632078
340079280
870349296
432781948
785651820
155810795
910274797
955274194
946185170
575658675
416239547
978190821
980049106
447613374
557839962
100039409
273173102
684258427
659287311
732438752
774714738
37435695
531545878
659480952
194391805
819022609
845394078
374563439
334216003
831801665
566849518
766800083
172877091
882290111
912461865
980345143
459608506
261618704
781857182
325368940
692855298
744367478
17834953
872884313
938505199
305718674
846218063
918768905
940089515
67043146
329700897
803830054
871735324
307074981
335733540
56934246
86666113
519375823
559933346
216271190
545020749
505394699
138753433
931862453
579347591
336845217
572285466
941862015
728758221
760801039
216546797
399529265
1771009
925424307
350967534
235182871
449770927
752172667
348187866
290314200
427667042
799633871
477981980
942880430
19576936
528101075
98650011
581213908
795091445
497015596
925974119
342964022
637880359
522494951
453264375
753603277
369948413
814152097
804658453
422621788
40742926
728886625
97634184
295752366
569250955
781126901
317529085
281077131
927310956
105040098
745681041
323556318
772216295
844019186
74390234
611771979
467229238
635906976
382523215
263745527
916710241
46997824
294067529
165439264
335621656
639834351
640689508
616091324
585224920
936609964
314499123
752794719
52580364
580918193
349707245
925672077
116103297
420613802
173970486
392533348
431131
799515607
992577977
506177945
329300235
950930392
586359018
911835789
457666558
162077481
373459453
704873163
379162855
947432264
200727248
280075414
41511732
509223078
824088208
242313998
412417979
231436130
960258301
7084592
733256545
331953645
84441963
560659273
808301739
821433635
36711996
972929392
251699395
670213787
37731704
488517848
74218710
119165524
809608040
196908723
78008771
355699564
614979032
163235184
317636677
702546424
101759168
924229930
55359590
952601288
820121609
670309218
776390998
162455820
77954426
595883222
194161489
902773715
379028216
495764182
301383302
408596811
310618223
638450098
106681179
894652081
649314328
350826605
400411920
818902950
155666562
635058800
439882993
113459306
714317385
96983290
633858759
890118234
183194024
584865801
935522210
103327158
868598490
701666321
464996138
19954919
169772761
72147571
291988660
520631502
564548960
872429620
579755800
314096918
776844588
917659529
956882916
296882952
806676195
469150069
982856123
590159106
540898
873647670
239103716
367565384
285495845
696162029
274087220
63159767
734969808
917900391
482559411
716286863
678718514
882507693
118727570
475270801
325521684
979580381
974840693
76816285
450270383
672511883
91650383
200186587
77175393
445736369
419087224
195614701
452579427
950645548
698017269
433848539
156844260
660398627
514097217
224651296
715598241
469510123
631651739
475644841
843225684
918963808
847925955
760190561
250710020
680402909
313234572
314797697
596862948
539941903
756414156
215177401
475238793
373457543
160991512
756345744
880164662
332387420
31211320
858941180
578475104
563812468
452377886
695310282
128544994
950885800
274592815
871642201
313538528
510053276
865330179
980247828
493080100
245691182
518871017
697979491
209815532
644046330
906399450
119815445
611475284
667770378
707605424
706345568
974943148
113476040
774847901
699583562
276584528
53997287
107284676
763570972
778721317
939862781
475630728
474103321
999743193
512464853
769862385
781963581
46907047
352148609
832436570
825490353
423738381
134461427
254950990
783086479
783141171
261306648
180502599
952001753
656252457
877909167
498594497
732736998
984465810
536925248
429315943
41124073
355135868
87261471
41523922
114920743
648935695
215180938
21708647
303395514
484799012
185896589
584270979
111305296
840377257
360572028
321691708
117216359
828436091
90184186
634593476
423690824
418386986
864716320
519968476
55031382
838548887
735735463
666964837
253235540
834169748
979847697
557564485
586952920
581762665
756944491
21301738
895849436
688751802
529484838
521339934
703381205
409039224
84820947
663151559
312878510
982159891
335529421
885439995
933814504
186119582
81444266
680406884
272373026
998741664
973873033
914140150
275038855
331467813
294963386
763956895
714890327
516113013
615329045
364508799
859043936
928243763
466624301
986652107
308629049
298854039
269217884
698600443
906254399
774126501
279065492
53705961
152767763
50500493
894787270
303916977
265073502
1382414
919721097
953989191
482092760
442041456
124434026
683348596
100687087
702406602
612662502
397595878
562129466
164288941
186051546
90204258
315249910
524839417
977713115
941970886
791723222
476069114
84545488
635465322
106636659
698205666
556048972
857017845
461453553
326260206
531080659
950475111
628040372
786375154
301610924
929277269
986655557
241175481
542097070
274953950
345716301
826056307
370097894
36802250
449667303
565085827
820663984
663382661
729617428
368640533
22058797
987532937
76581449
840831656
598950062
943690071
889910952
344299315
405331270
86520943
317502727
167930033
782490201
816109544
352572851
403580662
499943827
986133599
812158889
801413134
117047710
318491333
871145445
522713031
467726409
250908598
571966461
165475122
519523372
482953007
176951775
48516740
212293347
976287451
297624179
535536069
372055460
166412713
733048732
890232153
401870690
175481665
118887472
543399049
284643551
423832994
422889838
863956142
950613697
870999728
443816622
721958620
800694066
133153479
813981138
908632634
532970452
41607174
994533304
939896503
960614526
292230966
61502450
851572373
111520327
73258498
688228488
753063342
425874327
670778503
192243580
738329467
6746428
219726988
735052342
393758367
88004768
342656679
341770056
644027526
951587762
366942294
565659673
572470382
858370208
377322463
680097428
503093318
130301878
397279896
577010704
239499833
199206008
924054508
869211790
354485660
669642150
30165755
833686128
926823038
331730132
479427820
737589538
672747914
741131245
831908594
785335272
555922390
21373603
481779802
416600100
280954937
591292000
457865132
571902625
299249626
259757862
411555808
987929893
533627565
35634259
556868777
868075546
517149813
761627630
23682903
796743848
1780368
986295679
741691772
632797211
973796711
754176211
315810318
649827092
924291258
193893687
809597507
459358969
943886931
486263885
6649939
452818321
285589941
921454121
264140528
832595473
931897255
973773300
168578256
706999973
212376074
592186656
437514834
507987794
655164262
205154610
573250349
579385401
440878521
683373379
795167413
293611083
83117624
682128676
959590519
664802746
494438467
630947603
542287222
835761474
686738583
135271216
502096604
819149596
695727150
349353349
820745775
470715033
750178995
782231602
279672523
351972119
726197505
294519098
550690278
164240760
446152983
783936604
982847355
912009962
265008452
703137563
891916394
602528331
989478420
921439174
327391279
172386747
252982516
907429443
114164633
544603740
81548563
640121639
319150587
528693529
390131336
700904020
746757771
68351550
638935520
917780421
161525930
422286038
347559351
452840434
462314006
724398832
849921634
853025966
110571305
958025815
324501309
54033426
125491476
75108826
831235291
78500052
343945958
186994686
641464566
557879594
907404813
150845679
961718887
717512897
23125633
65076981
252091895
537315229
195833745
919629519
82637566
535694089
824834445
87963205
389837083
101966270
102035472
597731717
145035052
489737796
819080481
480458512
432422517
971218925
10935896
702534035
376801214
221168755
789565635
670488377
855670366
364548448
892510418
8360478
319651144
634965527
718373074
476937094
318798606
638470216
234810111
434967670
309031913
602605311
147554990
42972986
316464402
886151488
116012405
465719549
537179405
319935435
207445447
134746233
263762071
626449184
414238353
791199758
373062800
703539406
764689582
391742693
6463834
55530687
532115961
818367511
9589120
300869721
669082731
971460711
704001189
103832564
427423834
298611503
357893452
193079025
854838183
601729401
38571206
686414053
530116735
375765359
350294407
870287560
346547219
304007271
684044581
265601859
883876032
426494731
563572385
314270161
722349156
615905670
54290398
290042758
88345784
933463198
303806099
283909381
413217519
91011880
196194085
32791266
172948040
145964349
980168402
783767002
385108840
813699752
265746296
12616129
36092314
909922318
662140113
716630009
309796084
903297543
421036908
475883186
681138174
490434337
266395794
477073964
399930072
162908347
773348574
60910895
276257201
356763594
16752088
344605912
465909589
427946009
1658
887823641
727324502
220380223
673936665
572787173
647348410
613929541
166564538
108000606
286946008
239073460
664922450
871302675
615085819
163058274
426205350
66190077
395773913
447627176
535986932
762967780
999149652
629472777
962069922
295274100
488146975
449007388
536352972
430745427
623017464
212543807
827189497
593805262
647799665
721404700
292391889
14277309
839289341
502890654
993336911
634734706
364250135
541223291
574035175
6331271
765826523
897326230
980062637
252395954
575116543
814755327
574185583
512614215
37867186
339105749
105701772
582880739
322787593
180451613
370232946
4949669
993607094
346614378
985911566
651419847
350283919
644210282
171931742
904039567
867838067
93789710
893854639
351532484
539423800
514604627
306282336
513337206
871362017
277004250
181691712
632460087
574893677
576733484
949087843
824060553
658544671
52749795
502460297
1602572
271898436
745511227
182368339
645375557
638608006
29549373
68643537
658399594
7736664
147871183
965247139
594390792
797158272
891064984
406020564
181460709
98226356
665829546
95017252
23597306
100337448
714241542
476173341
370557052
981769121
465264118
674284425
206572312
35908170
809578393
568388402
427949401
923254454
246011316
352093688
985676985
128236120
456400576
210103876
534387397
95059478
170923544
534199440
201505149
217878901
164044138
750784227
825113443
97938334
821016390
425107969
340749995
536551216
648145427
356423471
401333267
82083352
159524099
265716029
618996728
930965766
568242759
240025721
405366150
375408181
877616037
88086608
731438502
698803783
234442694
16342889
790434831
629378050
322972970
605931698
295152445
263472663
585937273
18183746
813729518
889365584
97823992
322559882
539975088
131248120
764780470
660943648
892896798
24745545
127312802
532059691
706813225
754406795
205968576
441034988
41492860
19142352
611645031
584213011
25282028
664232519
614224924
677742711
233787158
858930212
371201253
621518905
923932639
482051324
695447780
939182730
274907545
311532500
939759507
502746522
771183138
393975159
730753265
912081611
510735182
551359269
66314278
799485033
938911004
391027956
408126147
234332873
792796029
713357352
805392582
457860191
173456486
402415744
214947444
191271893
867296402
65067592
283241359
290954870
863704311
944996355
119587603
798736028
224270117
310686868
545345725
97494504
859940961
976160312
866806916
488184623
214882726
448156544
944036359
666300680
815945509
262904452
109374308
155974465
88593037
971926478
513920866
92010484
386759871
445855848
127715426
202311112
748791808
36994946
82168250
952621417
727527553
214336628
892794840
515859822
370600299
158928321
104748749
750778807
858685363
72061550
305123400
267812443
735772251
15982275
612821864
302243978
123599739
880782650
307651179
126589208
194961770
454883506
558178754
20373753
770601008
704619967
510043998
159324977
857029033
136460850
732530512
394867934
461876547
722104179
665162984
277001905
450805174
183612973
586236442
963889627
553180854
262027174
216256670
328424579
672439956
962161037
65208717
696186495
259879840
836326265
101333052
783409049
377787054
78989651
839301381
889272642
16865928
821185731
373003113
553567151
200976641
156372326
226965615
895823356
959420268
377323411
560691305
405452720
307032851
715715742
853508320
263429366
367210510
628629822
561381510
338420746
714592177
28714530
722147980
816002569
600432364
75940550
540216178
528856179
22252274
949902813
568998009
855549604
603049551
458634731
569590037
179687952
866189645
592726125
813942811
955346933
253763790
338760687
333075919
869624632
24837887
154692881
298172219
889123418
200767340
498942055
220937
784780227
484486852
173717445
75804809
698480977
288527625
559408961
356110453
16359670
856540281
33148427
371680416
225339530
200715087
255663131
42864580
547654412
742298697
504550183
589388286
322589417
213624315
62422894
994378394
161019577
645807142
989704469
186873476
579166407
399690073
636777211
839529394
445515085
277377291
314767187
641831008
976975627
252989288
412374761
449235322
997342498
58627961
986748214
663272044
879960310
310388269
592252378
914192405
911899357
901893456
260660734
819556381
875687870
367728434
205517369
137859145
51937650
87695421
798638630
404951516
597578019
69742166
598898659
676819199
471988488
425539035
285625315
137960267
877694404
468185871
418734828
336133179
188795859
336026022
336422728
114671656
397901611
604967785
810811251
382247097
56719422
577574367
379068289
320425937
936861199
854036986
34553418
482845329
319472632
679437593
21839639
684989116
112460224
749648718
955632952
771368274
809472719
320908056
705557284
332113820
725908997
508218544
75897574
615032935
375755338
198624537
670815277
364805669
246278013
16810641
588114091
218833014
659236046
771333827
931399539
904883580
776976214
293650793
487763817
554284524
91885764
934507651
546182829
728770317
843803002
488461844
887296195
123505672
773123721
812543571
426824280
230266760
260914434
821484275
588831506
777811171
166748924
588751622
954530750
999744386
706301008
862177412
149855438
67346520
258314172
798539625
83143394
9059277
236915254
675882902
311069515
643661312
714601448
410558459
350102296
321121816
528178060
876859292
577617591
396264328
836182203
479361560
524606282
537823522
191846164
529949158
189985381
243820588
595613607
227399122
520212863
576995540
741961501
520011251
584902629
581524174
623921156
976798004
12797491
440880030
785414658
617550331
649966109
232092025
170643297
63691510
282925407
58840776
99441344
342883134
565362210
643818603
993349559
815309024
754310568
895940028
815368761
416954111
377121459
475107989
562001310
820520621
283748974
666942980
505533478
149207042
116020097
673961406
585255892
463856218
927087143
494299430
631546305
142705021
187563166
394059956
144764070
6112676
147197210
595016525
155379090
147726742
729891494
797652684
692877707
54780366
182795195
461893212
539527136
635120965
423381092
393021409
322502327
573734070
834512234
830008842
981760545
368805553
618862480
375039244
409684000
69876497
192123219
625718540
420555407
690442425
964884421
499026564
395509292
343786309
591731345
852394008
641530671
303739565
481626157
528156836
468917265
563489651
479565964
969456511
740841024
710161706
834469293
969068337
766440227
342425626
670144897
495656408
278766945
682187440
708293270
492354272
78718092
54198126
215783645
148159063
364372108
226923415
673590065
176207836
134126126
918241786
831115427
199497765
290120885
159282532
790308731
555379840
914962198
795814366
372934664
641556616
461074819
568075655
544054506
445001550
408649155
758845073
336428453
132019762
999998581
44988731
36089734
398138044
377296566
607871781
180753491
153010926
620043240
396394152
429900183
10888171
878781669
745903173
820769149
641210875
795929623
29049175
627381260
599831328
452904494
112780004
708996454
476900641
572240632
851801354
600575887
85914432
306252855
191498107
637605485
448035150
324482194
902372714
106756478
296171883
40683790
78279570
951781323
734331080
392622393
673789694
82819818
264654
820622666
254180495
278422496
529851463
747374727
285594320
870346253
245525296
239232364
313529154
809303158
811742218
371284701
526436716
885652916
200951885
819640307
722214305
584369865
482380134
524745515
40668826
589667618
826247008
882232231
763461901
919687016
321407742
80322235
375021286
611160801
422965168
518392820
42926523
192546037
458061993
183441372
821791221
637170083
436283730
671028799
774891333
175945050
845740473
58470293
226646594
505774660
507721791
931562814
859235862
363942391
461055214
818189123
349857533
774519128
878172918
920636295
395653182
224509011
13347067
1634293
560122726
534571060
960960449
692844202
878852134
551294398
500327989
380540192
304398588
201783485
133810436
413355857
598697766
618742846
342871459
967716560
729928802
958734953
854130319
126487583
555597580
564925069
744647101
543645432
43966993
913541806
586788304
491251346
159946262
409370312
344449249
807274107
51164795
988647429
51946160
362894036
456083156
2352296
682227950
306262841
709945254
147527387
107737970
189987296
798807059
638706762
268943806
647004092
93012176
569813797
353221747
634486771
986008308
272203265
507755713
971843933
360565749
861996899
370773425
554596975
637757598
169204147
134959215
544127934
35412039
835168944
826157144
351112232
282432527
945546471
66836327
19297472
228776361
940847570
317546411
179554883
652434488
387002035
296100411
797443149
704934941
431104162
37424222
692221199
744660541
726327786
827228545
803788509
925916563
797009406
972087877
598533219
507331603
399659479
519633962
302806063
755888048
568766484
818391989
806512686
197749534
601283464
883873584
601017278
199435730
390187437
667267723
671223173
22620546
421870437
141200796
344097907
667678755
653155696
511144786
601308954
190906290
521597142
69357957
450971083
583762707
506481109
210322979
195770863
715756819
86870515
281114396
879038862
581280374
537628421
763388366
900249422
762862245
755021591
601367196
869157870
187032337
518257191
70274096
639812442
311720051
319933629
291447032
553244199
30976669
71112521
66685006
461662616
398496882
752239223
43875536
420844761
528420747
734213474
900411451
869389940
507746511
794513678
761191601
349733382
40344053
802391698
248443859
935305243
940138107
28449178
487798129
792341161
194602957
503265358
805195010
760789543
963651730
187747389
765263520
576846852
134424109
612634140
996320445
375559754
447753640
819412733
52473155
218559664
358554647
408410672
467329409
499768068
392632072
703936032
225107298
314547801
578107201
245585925
376965327
15092537
81660084
180847683
265776940
443200419
675153692
558328974
69240028
549508220
537251767
838400006
415855907
755892996
841144293
910677380
237309726
591301122
633027491
317781599
331174461
697948018
110151176
438365792
627464541
788540728
774873027
359585005
53086720
796195381
828613693
53891288
207923991
114467705
948287267
766941279
193867077
36992585
347382113
750120892
404730573
927471903
157538128
453853915
103655482
238872147
713942890
791733225
654056390
87213309
138373987
468786880
607607532
559630581
350507924
881686999
202793761
793064378
767067704
826251730
765667408
180384122
629762432
231106391
434386005
707769476
568532426
818019456
461630255
264994470
873899473
433518097
658111486
896994902
357755173
23630261
289662555
186539395
900882631
15582472
215786767
610076702
29447847
375464665
574290856
812222955
458745310
913831834
104591175
967078505
36268145
390532343
468223386
644075468
961935377
400248544
977867289
905880151
297881789
361436204
404053306
41766721
35947781
136217999
846424037
837227194
597520676
697586137
583625266
792230591
949280535
237651585
276495154
714483405
328312969
829758842
486685496
49274615
815993967
173691886
309535286
51013825
957943310
833755426
760368657
321374362
55025516
282844529
197757918
568984047
573623181
650807060
392445399
935985424
971025093
672977960
757328652
794597167
674802586
928895913
482641319
202883075
869388801
29279689
718498966
105186636
175481887
531837343
519933384
312639540
252575377
81548489
535475726
303912993
993891412
484822866
698810183
55159442
720196068
472308737
166313665
910647846
564576585
868788734
505237353
860580186
457146257
641444371
66989377
181372888
488979539
780061135
678004349
106398764
715911495
808519646
910478018
587629547
366966576
413706152
107075626
910712176
66864632
45883538
535370601
366481877
765477626
666161291
536812598
726991748
859867062
206061140
23598106
78458028
740810704
157759000
587332226
821422487
228249587
609673110
500488870
117762508
819271781
1435389
19453867
39487552
689525712
742685739
717932022
847268427
367898113
903205670
912498776
635499002
299810054
429306947
650986440
847092078
619843580
381086944
953676026
769707522
46288968
155340477
389838678
17019621
885071945
477208403
199638101
549517912
746681333
320096558
703361634
497760921
286007570
664377904
467669475
863071375
200795948
778220719
714183126
27151402
795378750
929584792
430344673
341150557
14159253
183086738
145738227
580975772
304767176
132810657
166480681
767131321
692797654
411869695
604099215
756813218
533333442
827461366
316208102
622733130
694221423
895238126
133480555
187224384
555798035
568794082
841932683
997051825
135220156
464866234
20663070
847101169
885584694
472064811
654197779
794769256
886233093
424594489
821550817
728089142
567819765
895617991
386840537
528144125
337388987
758378764
985079909
600192597
713648296
590355312
203235186
590994682
51636056
602377180
761864281
17471472
606445317
68547425
183509642
474344945
462328556
319667449
125883313
609991281
497764853
25159894
318246915
790798395
23945184
618540678
942135695
247605061
413409706
709987196
189170514
667891213
959107702
132833901
222587356
64240653
880199912
380897745
165310658
988461874
671957847
33409348
897076936
706865140
32828098
183128755
848370992
147702204
852584429
752325460
9661192
752742813
86735779
270979049
620470556
289591591
418846152
253294543
40396662
107985944
431287755
77434999
9675843
374216140
711578153
65771677
299923970
209130861
117401735
703565242
578084329
973053982
936663439
995574771
843324549
427751922
701920761
11463675
28683576
965565832
470024241
448931349
17533970
46225414
152182353
436456206
352623235
916093625
740797715
937829578
902922041
772394953
940279206
375536021
839338210
26562526
518751396
23432935
215455032
387917216
38389445
666405320
766530304
872693158
299273208
144117076
281321807
832848195
693109746
759171709
661669916
250452062
171351898
614144941
774992375
613439461
674559872
267444258
628348636
447613747
301708940
495836717
967413490
69424597
887709926
535664780
866651866
617662083
693082321
293033044
222234385
15867732
645720196
132352785
700569658
720880832
643971637
811419179
871620892
394280493
265156702
86600731
414535302
723961203
123764320
559596730
865966670
161192253
141177438
273637395
851536326
665821915
999819433
480230228
595286437
203988300
488335902
47558300
266429067
976836122
174338670
915092339
654798867
778404009
747031940
172147298
138987998
713277395
995482915
480716337
336667531
709106781
932764302
985670715
575717374
497177043
357158781
911419718
788938349
887825383
882527901
270896258
232603450
672305074
762719688
514019214
778780382
271838983
895092752
292607263
777017819
371929570
634868259
142155921
162257469
479043454
900205387
291333405
962807919
351465230
473575391
250587124
858620
488375363
721439417
61337917
441326879
814231023
626883083
900750383
856540477
46791102
871082984
945010714
275978511
469690243
756188371
616001173
498781913
628322365
865430030
159058080
475137791
130342732
358662546
751123218
834795887
563127646
436711113
441906933
199351126
124037197
7659763
650280996
56272009
930179117
353586608
941001761
420006602
365855640
517708368
657753763
957796415
395743578
508732661
893118407
632631019
470284177
940254364
88857009
641303574
664280342
320736431
981379119
604203770
596387003
756416756
29651215
98956862
590610682
309304253
865981031
578547787
544069839
438695488
648972187
945849520
196280852
615678588
406714553
86022606
270938578
507511966
157746552
702361459
548845164
992438730
284764730
770153895
813645000
651329894
386554411
482851846
348702144
85886786
915323718
255855002
669178954
198690166
511131765
874276754
436056594
502699862
879261315
154381255
123332763
954482086
925585151
518834143
991666965
403247566
287186888
241591075
824521940
183453497
313720300
795447677
17757141
619182210
558963126
385340574
592821504
840805435
262147877
637152976
180978210
502191253
326920349
77321493
824905025
727399920
211024318
254821419
724367795
800126794
37476400
783497082
580146116
893529808
216859845
501282584
757029079
400969566
377018656
459361944
685203067
967041474
509847950
393200728
989789990
293076868
46163421
384210445
399820116
674771832
123339879
528703644
179084720
577475639
739887568
422027330
270517953
13189536
521944175
18160775
736400718
693682554
591833020
982292180
423556240
535948469
286552332
672342804
809386913
976976084
168682690
165034510
580676623
797072086
398545235
716454632
562193426
646761936
660159455
912822356
79044559
104112140
37839492
646401045
599392744
998513319
198123049
169185554
309260577
920630652
439008771
803829147
961137269
89207436
628432710
77113531
804401783
76633644
306048332
380690657
981652663
205866614
46737819
774938084
690442473
267381230
678960374
939192798
208740636
33085207
526548550
647305169
304420626
558641309
97532601
318517329
1099980
768737723
211427850
636480017
565792006
878156180
649323253
460830101
441601506
779020446
339230658
527159286
244862369
90393667
324384122
401398544
71117443
229720559
958699011
449719427
48560477
953680572
432766819
179570335
645799842
783709033
251239661
322260042
418289031
921821518
452958437
218088544
709767148
470386239
521056422
552703561
280676945
978690092
218149057
10938308
272055244
974919338
69100833
150397829
620438097
991590114
423010205
338965769
15736064
55787150
709494304
45034299
755462105
662163085
274682504
805014753
956091689
596679885
368459627
217226295
345863959
895532934
512044090
431356532
412653922
323089248
675185431
419582120
893095353
644872158
364445453
199227129
591064722
425021068
738364961
404089464
673528615
476720459
752898754
28145603
97593882
724992003
903874760
435203580
439127165
40607560
154273549
50343021
4721376
248406529
710806311
811526525
164961216
618671114
87739072
158604383
377237689
410853892
393499741
734197676
442546444
549762964
471024399
342957398
522333658
87173093
118225945
591776094
127591315
691575970
279357861
474539490
373638038
280776457
655683103
964255613
432177616
838905073
231498157
805327385
776758644
727058569
401829833
577930810
120588687
282474593
243748944
324299684
835406608
866791520
539960946
184892988
447706047
533705119
603002876
294255893
391063008
447252711
207156991
748430836
880542952
343657377
28806374
365987164
103654306
126778968
990627966
888163316
354750261
243439727
928688036
678835735
110614589
640993667
396501935
95506269
7201839
955767939
238749520
124093782
632090992
658506129
888472494
44957608
77805657
673104458
808351790
177074838
238177291
805175756
351700022
834597519
598390713
121988347
308375826
97934540
676069505
491529809
365596614
679758526
896372517
845838294
664638129
98792447
733409512
206436101
17128548
652643855
710093918
561826125
878484288
713711025
886669098
589242900
341312690
939565615
971145514
464955203
761448830
307621029
456748440
697790397
720718942
269690865
395710978
188837455
218354724
536680063
405285080
427366595
963560522
337331118
892153490
268614076
949902499
389925993
255971891
486356260
410890825
384136877
685563617
75648818
850041243
749716905
672211231
658882464
182198255
293876238
673181278
947653287
421717053
794216530
714893214
572005189
907069550
778115118
797988261
477288855
376020701
786793086
657939460
982284122
478713543
486550891
103000627
443881559
241237267
875207563
978428195
122437746
873207320
943409670
321623883
292895202
260704798
752837572
828387801
799368132
595117936
284853970
589480854
869408596
3794143
762050649
984452144
647960140
522148024
269439414
110354532
51287987
347676995
548894544
206691486
827121567
285866779
836439318
394750345
559302151
766062043
428224046
701643914
401957915
834580875
787321709
281508084
630772971
878618448
493838360
614727242
157693356
742937199
376317169
624056281
558938099
165305696
936575325
413119722
800851457
910441768
440447373
165573439
627334868
790106167
851681203
384631464
181194454
134004954
590541550
919188952
661608417
650183284
260505129
984573345
525323422
202075236
917099447
290509534
440918648
552396811
362417994
513563285
943153745
204795359
245169978
637643595
623642154
532353370
69111227
930530123
51652430
727619725
889677685
298591515
857920099
540999656
555573867
519060558
815353436
554697676
485450988
871316811
349429681
41393792
118328091
611200625
979889291
730856484
495556429
481893641
940856108
36863596
588860876
936236132
314234569
785770311
449600026
525557044
88753256
920562031
358495425
360098659
962833161
698700362
500098280
734433592
840838778
166004160
818052854
412514658
377302379
763294159
470473480
453998085
272481645
678010534
385639672
10757317
163632384
860015304
276953035
46636711
542630393
698652137
112110556
696580370
301109473
39073289
184149818
674772795
397625987
689785729
388693406
610636618
395890854
862240378
453688734
976249351
15355389
190353526
480579438
753352304
55118382
789700272
665209006
893148689
356544471
895928468
306724386
750823954
885616052
197964497
80509580
540612766
716264199
189897502
628471053
190486082
838353813
774495875
188406437
806789404
935393496
406500341
895631519
651381160
981464203
957294313
369124463
786287412
642579208
271137555
469392962
240707237
907390833
474540026
672185281
44542007
507195360
336173377
763560150
45396911
953242940
538408681
279749155
721718527
321543495
979748848
390169575
228839030
338421188
730891839
204082842
332308544
7330446
190985700
522492987
99350041
858377356
706711070
357608295
254481985
14596764
155082721
26422696
897933800
897175163
179971325
105600370
437973150
492211275
875454660
105167692
623523820
2595451
16821754
660890498
839774887
505169190
927653140
580962749
299869935
581173369
69058288
554294002
275799711
975459879
848985563
128832621
220361259
661209665
737756533
312296482
989563935
689788298
995030470
